116.7534      -01.2888     3003  
118.2210      +04.9962     1000  
117.6301      +01.2063     4365  
 15.5719      -79.2611      269  
117.7262      -00.9531     2530  
116.1649      -10.5835     2170  
117.7961      -01.9787     2420  
118.1525      +00.1973     4000  
117.9675      -01.3059     3100  
117.6423      -03.6912      600  
118.8438      -01.6702     4365  
118.4625      -06.8874     1200  
119.4438      -00.9214     1429  
119.7626      +01.6898     1080  
119.7542      +00.0038     1600  
119.9259      -00.1020      909  
119.7966      -01.3889     3026  
119.7069      -02.3078     5250  
120.0512      -02.0506     2700  
120.2702      -02.5424     1625  
120.1339      -04.8338     1111  
120.0209      -07.4769     1700  
120.6778      +00.5665      630  
120.5618      -01.2717     5220  
120.7452      +00.3663     2960  
120.7482      -00.9263     3162  
120.8612      +00.5368     3470  
121.4992      -01.7436      752  
121.5523      -00.8902     2818  
121.9639      +01.2131     1690  
122.0111      -01.0827      657  
121.9681      -02.7071     1775  
122.0949      +01.3264     1920  
122.2377      +01.5218     2460  
122.8431      +22.3841     2047  
122.8740      -04.6882     5750  
123.1226      -06.2428     2940  
123.1377      -01.2909      750  
123.2671      -13.3036      302  
123.8552      -07.0199     1500  
123.5814      +05.6062     1600  
123.9817      +01.0979     2320  
124.2649      -00.0581     1410  
124.6777      -00.5908     1785  
124.6521      +02.8313     7200  
124.9390      -01.2225     1148  
128.4464      -30.6034      201  
125.8878      -02.6086     2323  
126.1104      -03.9085     3014  
126.6348      -04.3824     2429  
126.8929      +00.0203     6460  
127.2008      +00.7489     2170  
128.0524      -01.8039     2194  
128.1795      -00.9445     1630  
128.2242      -01.1326     2563  
127.7404      +02.0872     3981  
128.5458      +01.7326     2500  
129.0821      -00.3574     2410  
129.3753      -01.5340     1938  
127.1919      +09.3890      702  
129.4667      -00.9405     2420  
130.3457      -04.3365     1200  
129.2927      +00.7599     6200  
130.0513      -00.9566     2200  
130.0974      -00.9766     2520  
130.0714      -00.1889     4800  
131.2309      -04.8129     1200  
130.1379      +00.3764     2570  
130.4913      -00.6004     2205  
137.1251      -23.2541      457  
132.4037      -06.1593     1207  
131.5453      -02.7685     2000  
127.3517      +13.2129     3150  
130.8865      +01.0566     2700  
131.1586      +00.5238     3300  
130.7141      +02.6713     1100  
131.4312      +00.6218     7700  
133.3339      -01.6942      303  
134.6322      -03.7408     2079  
134.3000      -02.6153     1944  
132.5063      +02.4960     5700  
134.1653      -01.7237     3800  
134.0234      -01.3230     2200  
131.9189      +04.6052     3981  
135.0659      -03.5877     2940  
132.8809      +02.7916     1700  
134.1821      +01.0592     3850  
134.0788      +01.3526     6020  
134.6646      +00.0923      698  
134.7256      +00.9190     2344  
135.7957      -01.5784     1409  
136.2875      -02.6449     2200  
135.4172      -00.4868     1660  
135.3519      -00.2107     1575  
134.5161      +02.0479     1860  
136.0146      -01.1976     3172  
135.8695      -00.5709     1210  
137.3765      -03.9710      725  
135.8344      +00.2679     2274  
138.0795      -04.7542     2000  
143.6580      -15.6132      499  
135.7473      +01.5624     1030  
135.6586      +02.3104     3961  
137.8776      -01.7514     2900  
136.1323      +02.1195     2050  
137.1910      +00.9205     2002  
139.7085      -01.3411     2290  
139.4337      +00.2186     5000  
146.8125      -12.1630     4571  
274.0839      -50.8313      790  
143.0364      -03.9631     1800  
137.9763      +04.5548      460  
146.6474      -08.9308     2800  
143.7757      -04.2865     2230  
140.0524      +02.1465      380  
140.9287      +00.9064     2175  
238.5486      -56.9815      100  
145.0998      -03.9660     1155  
146.5676      -05.8625      185  
155.7354      -17.7959      700  
143.3584      -00.1387      871  
145.8367      -02.9864     2580  
154.9518      -15.3421      665  
150.5641      -09.2301      650  
146.0646      -02.8222     1480  
146.9689      -03.7089     1820  
138.6158      +08.8786     1700  
128.5255      +21.2692     3100  
160.4899      -17.8021      385  
166.5707      -23.5211      133  
147.0712      -00.5076     3600  
143.9423      +03.5726     1750  
148.0963      -01.2921     1199  
142.5567      +06.1850     2120  
145.1203      +03.6802     4400  
149.7745      -01.0190     2200  
146.2699      +03.1394     3981  
149.7401      -00.1971     1340  
149.8470      +00.1872     1230  
143.6724      +07.6577     1000  
152.5899      -01.5742     1320  
154.4937      -03.4220     2420  
152.0568      +00.2578     1090  
159.3061      -06.8655     3000  
151.2691      +01.7826     4400  
147.4836      +05.7007     1070  
157.0815      -03.6421     2200  
153.3588      +00.1845      711  
168.6483      -13.7201     1800  
180.0638      -22.3429       45  
159.3028      -03.0393     1100  
158.5738      -01.5790     2559  
154.8777      +02.5032     2450  
139.3455      +16.1484      200  
162.1251      -02.4075     1678  
161.6696      -01.9910     3162  
180.3366      -16.7717      540  
152.2918      +06.3292      501  
160.3362      -00.3962     3028  
187.6950      -21.1142      437  
185.8450      -19.7350      700  
163.0341      -01.8562      500  
161.6768      -00.4459     1199  
164.1786      -01.8329     2500  
155.0851      +05.9245     2470  
174.0987      -08.8321     2500  
163.0074      +00.1451     2125  
162.8730      +00.7070     5500  
162.2656      +01.6091     1202  
155.7638      +06.8513      600  
179.0749      -10.6451      420  
179.1782      -10.6956      630  
179.1545      -10.4898      760  
166.9858      -01.0032     1700  
167.6696      -01.3351     5200  
180.7904      -10.8585      276  
168.9032      -02.0153     1469  
158.6090      +05.6858     3840  
167.2985      -00.7447     4710  
167.6854      -00.6323     5370  
179.6640      -09.2608      400  
160.7031      +04.8497     4571  
186.1561      -13.0960     1972  
163.4007      +03.2604      800  
279.0397      -33.6065      460  
169.6447      +00.0334     3250  
170.6749      -00.4414     4290  
171.8366      -01.0291     1100  
168.2857      +01.4445     3370  
175.6462      -03.6479     2700  
163.6316      +05.0171     5800  
170.9846      +00.0772     1400  
173.5850      -01.6804     6000  
192.2398      -13.5598     1220  
166.3700      +03.5457     3860  
176.9015      -03.5880     4831  
173.6941      -01.3633     1800  
174.4351      -01.7867     2860  
200.9817      -18.3440      460  
176.5624      -03.0711     2000  
166.8944      +03.5803     4168  
177.3223      -03.4513      820  
163.0829      +06.1589     4800  
188.0051      -10.3171      580  
202.0845      -18.4808      500  
159.5097      +08.5861     2720  
171.8890      +00.4534     2300  
197.2713      -15.5560       92  
204.8887      -19.4664      350  
168.4101      +03.0939      570  
172.6193      +00.3063     1800  
173.3731      -00.1885     2005  
173.1072      +00.0466     1900  
172.2496      +00.6952     1400  
201.6686      -17.5263      450  
199.8610      -16.4793      500  
170.4413      +02.2819     3240  
173.8977      +00.2814     3086  
203.4833      -17.3728     8400  
180.6765      -03.5379     2530  
195.0478      -12.0035      400  
208.0071      -18.9392      380  
209.0101      -19.3859      414  
208.4721      -19.1272      500  
209.5230      -19.5931      550  
205.0299      -17.3509      387  
181.3931      -03.4099     1220  
174.5345      +01.0721     1330  
176.4900      -00.1104     1300  
177.0661      -00.4062     1700  
181.7791      -03.0505     1400  
176.7813      +00.1200     3300  
206.8107      -17.3461      399  
171.6183      +03.5617      380  
175.5581      +01.2112     3700  
176.6250      +00.8943     3260  
170.7532      +04.6420     3610  
177.9387      +00.5331     6770  
179.6802      -00.5104     2100  
185.9645      -04.1056     1750  
179.9556      -00.2944     2600  
174.6454      +03.7044     2000  
179.2295      +01.1993     3000  
199.0311      -10.3896     2510  
176.3949      +03.1194     6403  
180.5387      +00.8116     2500  
186.2726      -02.5497     3500  
186.8398      -02.5086     5000  
179.9008      +01.7438     2800  
177.6354      +03.0915     1383  
184.1321      -00.4097     2200  
205.8724      -12.6146      940  
182.7434      +00.4811     3300  
188.0524      -02.2160     4600  
187.4423      -01.1139     1800  
199.8766      -08.0785     6000  
176.1594      +05.9998     2050  
186.6013      +00.1443     2200  
163.1864      +13.1445     1090  
198.0444      -05.8105     4033  
202.2354      -08.0372      800  
179.8072      +04.7498     1960  
194.6002      -03.4937     1090  
186.3820      +01.2461     2040  
235.3963      -22.2878     1100  
186.2945      +01.2997     2100  
195.5864      -03.5934     2000  
186.6341      +01.7808     5071  
195.6076      -02.9345     1052  
186.5814      +02.1706     2520  
186.5910      +02.1913      912  
184.9025      +03.1301     3200  
203.9665      -07.2455     2835  
180.5740      +05.5929     2100  
228.8006      -18.7582      272  
190.0426      +00.4824     1627  
203.8491      -07.0090      910  
186.5164      +02.5269     3000  
193.2296      -01.0188     1500  
190.0783      +00.7969     1000  
211.4270      -10.5815      640  
203.5508      -06.1919     2700  
202.3093      -05.2583     1980  
197.2502      -02.3495     3781  
188.7921      +02.3868     1775  
208.1229      -07.9040     1500  
236.3713      -20.3559      990  
197.3140      -02.0975     3150  
173.4149      +10.6544     3467  
205.3679      -06.2203      348  
226.0136      -16.1066     2629  
203.6216      -04.9048      900  
188.1998      +03.6843      800  
187.2503      +04.1974     2800  
196.6800      -00.5820     2600  
167.5205      +14.4219      600  
215.9933      -10.1024     1293  
195.5896      +00.7543     5800  
215.2781      -09.4237     9800  
197.6489      +00.6472     5000  
192.4313      +03.4008     2803  
197.9216      +00.5811     8900  
195.9442      +01.6825     2330  
218.7800      -09.8605     3200  
214.4324      -07.5422      359  
216.6401      -08.2268      400  
195.5336      +02.8318     4800  
239.4782      -18.0142     4458  
204.3697      -01.6993     2930  
207.9636      -03.3859      962  
214.3475      -06.5082     8872  
219.2612      -08.9312     2100  
201.7471      +00.0056      556  
206.1704      -02.2728     3900  
205.3696      -01.7581      630  
206.3059      -02.0719     1660  
199.6592      +01.6003     2600  
179.2122      +11.8464      450  
192.6061      +05.4458     6918  
203.7791      -00.1200     1328  
211.2516      -03.8602     1970  
203.5771      +00.1057     1329  
206.2479      -01.2610      900  
204.3274      +00.0466     2364  
239.6237      -16.5175     1240  
223.9523      -09.6843     1720  
203.8157      +00.5299     1684  
202.8647      +01.0496     2400  
208.5551      -01.8082     1687  
206.0044      -00.4626     1000  
207.1539      -00.8885     1738  
212.1511      -03.4355     4700  
201.7618      +02.0752     3311  
209.6492      -01.9785     1950  
210.5674      -02.1039     3600  
202.9358      +02.1958      667  
226.6118      -09.6995     1400  
238.7799      -14.8168     1100  
211.9192      -01.8748      625  
207.8873      +00.2986     1687  
187.7897      +10.2940     3400  
210.8241      -01.0322     2780  
208.9832      -00.0775     1400  
212.6459      -01.7414     6310  
211.9423      -01.2732     6800  
222.8036      -06.6555     7140  
190.1810      +09.7281     1400  
231.0196      -10.4446      710  
215.3058      -02.2732     2600  
174.9015      +16.8813      558  
212.3015      -00.3898     2661  
222.0471      -05.3389     4700  
234.3069      -11.1881     9100  
207.6822      +02.3663     2589  
206.3555      +03.0695      800  
207.7805      +02.5955     5035  
212.5581      +00.2792      870  
219.2966      -03.1175     1500  
210.4075      +01.5065     2557  
211.0820      +01.1942     3500  
213.3018      +00.3009     1330  
197.9835      +08.0248     4871  
217.1182      -01.4574     1200  
213.3829      +00.5074      800  
214.7267      -00.1157      750  
219.6930      -02.6046     1200  
197.2157      +08.9012     4400  
213.2273      +01.0741     3150  
225.2973      -05.0214     7691  
219.8446      -02.2456     2511  
235.7016      -09.9906     1100  
219.0925      -01.5961      800  
206.2536      +05.1199     8272  
210.7801      +02.8581     4790  
225.4245      -04.6220     6000  
217.7588      -00.6935     2290  
207.9520      +04.4045     3100  
223.1172      -02.7605     4110  
214.1766      +01.8799     7280  
232.3342      -07.3140     3000  
211.2581      +03.4087     1100  
210.8906      +03.6983      600  
237.8828      -09.6046      750  
221.6722      -01.3311      950  
232.8321      -06.8802     6080  
236.6762      -08.7292      800  
208.5403      +05.5279     4285  
218.7886      +00.3503     1762  
224.6104      -02.5089     1500  
213.4472      +03.2974     3800  
231.9966      -06.1551     8900  
220.3142      -00.0965     5250  
225.4753      -02.5680     1400  
227.9401      -03.5862     4446  
232.5545      -05.8511     2340  
225.0987      -01.9982     7551  
223.6004      -01.1826     1417  
239.9388      -09.3049      900  
224.2681      -01.1728     1056  
226.5799      -02.3141     2251  
230.0452      -03.8005     1000  
212.6023      +05.3599     4400  
209.6722      +06.9927      550  
222.6003      +00.3654     4650  
223.4370      +00.0037      500  
213.4631      +05.6892      800  
238.3684      -06.7918     4085  
224.6854      +00.3842     1119  
234.3172      -04.6369      750  
242.9893      -08.8024      472  
227.3757      -00.5873     6140  
257.9214      -15.3778      288  
231.0252      -02.2797      630  
203.3897      +11.8026     2200  
228.2558      -00.7763     1520  
248.7650      -11.1322      316  
229.8071      -01.4261     1887  
237.6905      -05.4541     1600  
231.6354      -02.1873     3840  
238.1789      -05.5482     1480  
235.6199      -04.1072     3930  
227.8605      +00.2580     3054  
235.5965      -03.8374     1400  
217.2301      +05.9347     5623  
214.6894      +07.3861     3200  
219.2530      +05.1813     4630  
217.2876      +06.2946     3113  
227.5334      +01.3445     1182  
211.7849      +09.5988     4800  
228.4147      +01.0198     1468  
244.9298      -07.5912      405  
239.9280      -04.9414     1056  
235.2700      -02.4610     3400  
231.7964      -00.5873     1900  
235.3899      -02.3928     3070  
230.2790      +00.6219     2800  
233.2334      -00.9335     2640  
259.5593      -14.2437     4313  
242.4514      -05.7523     1208  
221.9800      +05.3650      500  
204.6052      +13.9878      512  
238.2134      -03.3315     1474  
227.5233      +02.6272      588  
236.3964      -02.1594     3750  
230.7976      +00.9353     3000  
230.8175      +01.0068     3700  
229.6653      +01.8540     5888  
238.0821      -02.4054     3060  
232.4543      +00.7697      872  
226.3686      +04.1733     7145  
232.7531      +00.7738     2291  
234.7452      -00.2179     3981  
237.9530      -01.7186     1500  
229.6013      +02.9180      440  
231.4116      +01.9456     3455  
242.5934      -04.1612     1670  
229.9738      +02.8474      700  
235.3755      +00.1512     1920  
242.3889      -03.5198     5200  
236.2706      +00.0690     2200  
230.9582      +03.1303      490  
236.2692      +00.2754     2200  
230.4836      +03.5369      766  
232.0608      +02.6828     1820  
228.9488      +04.4979     3154  
241.6011      -02.5265     1490  
231.5042      +03.2971     3550  
198.1072      +19.6341     2480  
227.8411      +05.3607     3981  
248.1255      -05.8762     3341  
233.0711      +02.7140     2100  
232.9082      +02.8973      650  
242.4936      -02.4987     1400  
247.9879      -05.4834     2806  
245.0089      -03.7247      714  
246.4425      -04.4666     1300  
235.4712      +01.7783     1900  
233.0584      +03.2581     2100  
231.8576      +04.0644     1510  
250.0882      -05.9741      930  
252.5754      -07.2986      189  
249.3728      -05.2442     1490  
252.0509      -06.7264      302  
240.0387      +00.1346     1037  
240.7594      -00.2636     1040  
241.5663      -00.5728     5346  
247.9516      -04.1576     2078  
237.2025      +02.1566     2630  
246.6620      -03.2462     3910  
223.4615      +10.0945     4780  
219.3531      +12.3527      370  
243.2752      -00.9397     2150  
242.5928      -00.3335     1681  
243.9930      -01.1370     1980  
234.9400      +04.5268     5250  
242.0973      +00.4673     3165  
245.8860      -01.7298     4100  
247.7055      -02.5271     2880  
244.5841      -00.5463     2770  
253.5633      -05.8377     1300  
248.8262      -03.0395     1150  
243.1723      +00.3777     1355  
273.0994      -16.2726      550  
243.1514      +00.4467     6028  
243.0809      +00.5236     6400  
266.4551      -12.8466      800  
244.7361      -00.3846     1000  
243.7791      +00.3702     3150  
253.5395      -05.3007     8020  
235.9844      +05.3809     1585  
242.5620      +01.4434     5200  
241.6258      +02.0346     1343  
244.7908      +00.2393     1659  
243.0719      +01.2846     2289  
246.7128      -00.7731     3957  
246.9721      -00.9306     3117  
273.8158      -15.8558      409  
250.9660      -02.8405     8500  
245.9300      +00.3474     1300  
245.7456      +00.4823     4730  
230.5639      +09.9347     3460  
237.8401      +05.8480      912  
244.8501      +01.6331     2951  
257.1519      -05.8473     2330  
264.9227      -10.4438     1100  
248.2522      -00.1879     3006  
249.1313      -00.6378     3030  
261.3750      -08.1627      421  
244.7159      +02.2682     1823  
246.0874      +01.8550      601  
248.5794      +00.7595      830  
247.7996      +01.3098     1700  
253.0184      -02.0120     3240  
253.5932      -02.1173     3030  
262.8027      -07.6857      336  
264.4649      -08.5975      361  
233.7054      +11.1115     1363  
245.8315      +03.5808     1700  
256.7439      -03.4908     2290  
250.0318      +00.9591     5470  
254.8552      -01.9859      919  
250.6912      +00.8042     4600  
257.2908      -03.5129      410  
258.5218      -04.2238     8240  
227.8725      +15.3929      770  
254.0812      -00.9594      480  
249.6092      +02.3391     1000  
253.6325      -00.3109     3000  
264.4407      -07.3286      900  
258.8512      -03.3378     3310  
255.1120      -00.7112     5907  
249.7951      +02.9610     1677  
249.1060      +03.5322     1342  
253.0703      +00.9392      874  
254.6742      +00.2126     1033  
249.8710      +03.6747     4000  
252.2796      +02.4492     4950  
255.0556      +00.5571     1486  
249.4587      +04.4723     2700  
264.1028      -05.5101     6160  
259.2418      -02.1209     2170  
253.4958      +02.1355     3900  
257.9948      -01.0014     6600  
259.4605      -01.7192     2410  
260.0115      -01.8521     2740  
262.5755      -02.9694      950  
257.8649      +00.5019     1394  
258.2955      +00.2746      900  
260.6847      -01.2981     2980  
265.8014      -05.0157     3760  
257.3945      +01.6155      400  
262.8633      -02.4388      593  
262.3533      -01.7845     1220  
267.6493      -05.4849     3090  
251.5835      +06.6507     2000  
259.7564      +00.5296      800  
259.3398      +00.9181      869  
255.5997      +03.9568     4000  
264.7868      -02.9082     1668  
263.0749      -01.5508      500  
263.7368      -01.8118     3530  
205.9196      +32.4843      187  
270.3622      -06.8387      175  
258.4933      +02.2857     3760  
259.0521      +01.9942     4900  
265.0825      -02.5792     1312  
262.7974      -00.7922     1504  
292.4817      -21.6534       97  
266.6365      -03.5919      800  
264.1789      -01.6502     1713  
265.9288      -03.0127     2826  
254.5554      +06.0698     2021  
257.2650      +04.2585     1990  
265.4328      -02.1803     3910  
265.1887      -01.9577     5754  
261.4858      +00.9913      838  
267.4854      -03.6250     1188  
262.1477      +00.7869     1660  
270.8352      -06.0925     1046  
270.8096      -06.0467      667  
262.7907      +00.6740      424  
259.3792      +03.4428      900  
266.3728      -01.8952     1300  
262.5038      +01.4779      850  
215.6961      +31.8963      908  
269.2319      -03.7672     3770  
264.6446      +00.0765     2840  
259.5377      +04.3625     3019  
264.4882      +01.4634      680  
269.2092      -01.8435     1853  
274.9233      -05.9213      450  
277.6824      -07.6209      132  
273.8972      -03.9716      885  
266.8760      +03.3779      174  
271.6567      -00.7077     3600  
261.9796      +08.5843     1855  
286.2453      -14.0800      500  
265.2743      +06.3574     6400  
274.1787      -02.1691     7900  
271.6313      +00.3992     2300  
276.7874      -04.4814     4300  
273.1232      -00.7638     2600  
270.7151      +02.1302     2700  
273.7544      -00.9373     1262  
276.0027      -03.0062     7000  
273.7590      -00.3755     7500  
276.4640      -03.1170     4129  
277.8298      -04.4192     1134  
275.9642      -02.4087     1500  
270.7505      +03.2061     2790  
275.7058      -01.8814     1641  
275.3143      -01.1761     2607  
277.7763      -03.6655     2024  
275.9359      -01.2537      774  
275.2820      -00.4726     5510  
264.5368      +11.1250      400  
272.4928      +02.8690     2900  
280.5657      -05.3662     2500  
276.2745      -00.3544     2910  
274.6856      +01.7570     2062  
277.0986      -00.8180     1979  
270.7540      +06.7077     2500  
275.3973      +01.7530     7690  
277.9035      -00.9036     1200  
277.7307      -00.4733     2455  
278.6658      -01.0822     2080  
279.5956      -02.0714      922  
285.3196      -08.8177     1800  
278.5052      -00.6091     2459  
283.6615      -06.8303     1200  
277.8287      +00.6890     1824  
280.6160      -02.0923     1100  
276.8351      +02.7765     1400  
279.9147      +00.2636     8530  
280.2023      +00.0693     1400  
283.3317      -03.8395      911  
282.2139      -02.2145     3950  
284.4423      -04.8606     3100  
281.0212      -00.1738      360  
283.8278      -03.6981     1300  
283.9589      -03.8502     1600  
286.3898      -06.8759      800  
284.6113      -04.3057      940  
287.9686      -08.5965     1500  
283.1275      -01.4558     2572  
287.1283      -06.6552     0607  
281.7116      +01.3281      600  
284.0403      -01.6011      740  
282.9836      +00.4376     1249  
283.7837      -00.5128      550  
280.6971      +04.5453      544  
282.1820      +02.2620     7410  
282.5659      +02.0928      540  
285.5153      -02.3525     2400  
284.2758      -00.3359     6400  
284.5675      -00.3420     1547  
286.0885      -02.6349     1445  
284.5880      +00.0350     2446  
284.9912      -00.3827      750  
285.3549      -00.8637      600  
284.3529      +00.8676      380  
283.1177      +03.2178      650  
285.4175      -00.4372     6000  
286.3576      -01.7051     2820  
284.6870      +01.1641     2500  
285.6710      -00.3223      800  
285.6766      +00.0819     2670  
286.7838      -01.5693      710  
285.8562      +00.0736     2327  
286.1170      -00.3609     1900  
286.2357      -00.2895     1900  
286.2283      -00.1884     2317  
286.5578      -00.6245      507  
284.1877      +03.8484      894  
291.5066      -09.1549      910  
285.0959      +02.9986     9550  
287.0163      -00.3147     2027  
289.8641      -05.5605     1995  
289.6014      -04.9061      161  
288.0832      -02.0497      398  
287.4081      -00.5773     2500  
287.6677      -01.0471     2201  
287.4929      -00.5436     2300  
287.4100      -00.3688     1853  
287.6238      -00.6517     3900  
286.4095      +01.9373     1700  
288.0250      -00.8560     2412  
286.8698      +01.4918      900  
286.6727      +02.5893      720  
288.4364      -00.6657     3000  
288.3728      +00.0160     3250  
287.9357      +01.1612      900  
289.4822      -01.9899     2362  
289.5248      -01.9556     1100  
289.1279      -00.6732     3500  
288.6692      +00.4485     2189  
290.3190      -02.9948     3600  
289.5392      -01.2603      800  
289.8543      -01.7752     2218  
289.0982      +00.3186     3250  
289.1641      +00.2966     6660  
289.5147      -00.4113      990  
289.6373      -00.2419     5875  
289.4693      +00.1394     3504  
290.1422      -00.7682     1500  
289.5708      +01.3468      486  
290.0251      +00.3847     1159  
290.5547      -00.7845     2000  
290.6296      -00.9029     2600  
291.9401      -03.1666     2700  
290.7047      +00.2022     1995  
290.2649      +01.3351     1636  
290.7985      +00.0767     1776  
290.7941      +00.0930      600  
291.1159      -00.5714     3500  
290.9864      -00.1346     1358  
290.9033      +00.1194     2270  
290.8752      +00.2054     1577  
274.0641      +35.8931      640  
291.2038      -00.1783     1651  
291.2058      -00.1721     2000  
290.5095      +01.5958     1577  
289.2932      +04.8400     1000  
290.1715      +02.8949     1900  
291.6173      -00.5222     6900  
292.4021      -01.7990     1238  
293.5065      -04.0410     4000  
292.9039      -02.4119     2208  
292.8325      -01.1983     2420  
286.7641      +16.9184      938  
294.0406      -01.9654     3400  
293.2375      +00.6126      780  
292.5555      +02.7568     1200  
293.4675      +00.7032     2450  
294.1169      -00.0304     2218  
294.8489      -01.6541     1794  
294.5630      +00.7105     1500  
294.9424      -00.6351     1740  
295.2173      -00.6623     2146  
295.7636      -00.2259     2200  
294.3672      +06.1826     1850  
295.8901      -00.0960      860  
295.8281      +00.7629     1520  
296.2961      -00.4897     1450  
295.7134      +03.6593     1200  
296.7920      -00.4901     1357  
297.3060      -02.2895      494  
300.2173      -15.6085      114  
297.2911      -00.9066     1209  
297.0691      +01.3932      650  
297.6325      -01.4770      660  
299.0466      -07.2372     1000  
297.5736      +01.1551     1632  
297.3747      +03.0997     2200  
297.6692      +01.7804      650  
298.7891      -01.0227     6190  
299.0116      -01.8359     2700  
299.6585      -02.1074     1000  
299.9908      -04.8239     1300  
299.3130      +04.5560      489  
299.7193      +00.8297     2176  
221.3538      +84.0248       96  
300.1162      -00.6800     6250  
299.9844      +01.9545     1184  
300.0681      +02.6389     1785  
300.1488      +01.8527     1250  
300.0612      +02.9277      969  
300.6434      -02.0138     1050  
300.6944      +01.8416     1100  
300.8850      +01.2367      950  
301.4963      -04.4596      650  
301.6836      -05.5276     2190  
301.4698      +02.2046     3300  
301.8948      -00.1416     1320  
302.0474      -00.2417     3200  
302.4225      +02.2177      900  
303.1248      +02.1045     1700  
303.2057      +02.5089     1976  
303.6249      -02.0970     3079  
304.0352      +03.2398     1100  
305.4739      -00.6305     1500  
305.3459      -03.1559     2000  
306.0129      +02.6505      970  
305.5413      -04.3473     1963  
306.1486      +00.0631     1810  
305.9266      -02.2431     1442  
306.1676      -03.5133     1300  
306.4945      -01.0246     1250  
307.0736      +02.8735     2800  
306.7593      +00.1412      925  
307.5356      +03.5178     1986  
307.1342      +00.2625     2226  
307.4772      +01.3372     1585  
307.1027      -01.6401     1169  
307.5947      +01.2016     2045  
307.7315      +01.5616     1777  
312.1323      +27.0895     1000  
308.2518      +03.9836      901  
307.5743      -00.2965     1263  
308.3701      +03.1706      500  
307.8593      +00.0447      819  
308.6624      +03.5671      550  
308.1571      +00.2001     1100  
308.2260      +00.3101     2240  
308.6723      +00.5979     3800  
308.7199      -00.8746     1140  
308.7889      -00.7342     2150  
309.5746      +03.0774      246  
309.5034      +01.9058      700  
309.1610      -00.7137     1108  
309.3323      -00.2428     3000  
308.6376      -03.7762      232  
309.6084      -01.3658      435  
309.2995      -02.7538     2400  
308.9766      -04.2447      600  
310.2292      +00.1145     1215  
311.7586      +03.3189      500  
310.8494      -00.3373     1900  
308.6803      -08.2906     2500  
309.9496      -05.6086     1300  
312.1805      +01.8316      500  
315.7462      +12.6281      678  
312.5802      +01.6933     1500  
312.0012      -00.8639     2200  
313.9212      +02.0418     2000  
313.1115      -00.2882     1400  
314.6419      +03.9601      550  
313.8652      -00.4518      900  
316.3148      +05.6068      850  
314.8408      +00.9938     1805  
314.6703      -00.0998     2000  
314.7122      -00.3015     1500  
314.6474      -00.5809     1516  
316.4448      +03.3087     1800  
314.8975      -00.8998     1310  
316.9370      +03.3939      666  
109.8667      +44.6770       25  
317.5284      +02.0840     1500  
314.2881      -06.0748      440  
319.5289      +04.5445     1031  
320.7652      +06.4262     1535  
317.4151      -01.0876     2500  
320.9680      +05.8730     2800  
321.5731      +03.5928      917  
314.7702      -08.6468     2400  
321.1247      +02.4602     1192  
320.5164      -01.2002     2018  
320.0418      -02.8647      800  
320.9226      -02.7318     1500  
326.4864      +04.2608      575  
324.6540      +00.6565     1100  
327.1995      +02.2704     1410  
327.5065      +01.9857      900  
327.8995      +01.8001      570  
328.8356      +02.8480      700  
320.5548      -07.7406      800  
325.0769      -02.6427     1500  
328.1023      +01.1060      600  
326.0082      -01.9249     2050  
323.5653      -05.4451      900  
325.7800      -02.9859     2690  
324.5944      -04.6437      810  
328.8509      -00.4765     1900  
328.5465      -00.9811     2100  
324.5508      -05.8840      756  
330.3692      +00.3232     1600  
329.2813      -01.4981     1823  
330.9588      -00.8493     2160  
329.7454      -02.2048     1417  
331.4683      -00.5970     1000  
329.8356      -03.2844     1312  
327.7258      -05.4256      891  
333.2727      -00.0705     1050  
334.5432      +01.0698     1700  
332.3864      -01.6828      900  
334.6680      +00.4295     2600  
332.5471      -01.7983     1343  
340.7407      +06.0162      512  
 60.8662      +43.8757      900  
334.9170      -00.1976      913  
333.2759      -01.8794      956  
332.9179      -03.1668     1030  
335.2223      -01.4272     1108  
336.3854      -00.4932     2000  
338.4047      +01.2107     1014  
340.6473      +02.1223     1547  
336.7106      -01.5736     1155  
337.9959      -01.0689     2054  
 61.5831      +40.3688      820  
335.6974      -03.4608     1000  
338.5597      -01.0395     1200  
338.5606      -01.1432     1216  
339.5554      -00.3989     5500  
339.8986      -00.2109     1200  
340.6724      +00.0062     4300  
333.7545      -05.7648      939  
343.4643      +01.1842     1243  
344.3971      +01.8071     1200  
340.9189      -01.0885      881  
344.3930      +01.6132     1000  
345.4683      +02.4657     1131  
344.6041      +01.6167     2160  
344.7009      +01.4958     1138  
341.5372      -01.1856      981  
340.6832      -01.9196      865  
335.4598      -06.2506     1510  
341.9974      -01.5166     1031  
330.6617      -10.3339      700  
346.0486      +01.2998     1080  
355.1501      +08.0106      900  
344.4392      -00.4543     2200  
347.7306      +01.9725      479  
349.8889      +03.0752     1900  
 36.2942      +29.1659     1140  
347.3421      -00.3903     1260  
347.9024      -00.6876     2100  
351.2014      +01.3598     1077  
345.2791      -03.0564      996  
353.9967      +03.0091      750  
349.1268      -00.4413     6000  
348.7034      -00.7665     3300  
349.9632      -00.9748      714  
328.8934      -14.7542      500  
353.1609      +00.8922     1995  
340.0881      -07.9067      888  
357.5247      +02.8445     1000  
355.8564      +01.6439      850  
348.5006      -03.4028     1500  
354.0999      -00.1733      855  
355.6897      +00.0412      985  
355.0635      -00.7422     1211  
356.0099      -00.3043     1343  
353.9299      -01.7737     1192  
333.9820      -13.8049     1500  
352.8804      -02.4976     1466  
 17.0254      +12.3089      161  
351.7338      -03.3376      880  
354.2877      -01.9156      500  
355.6585      -01.1767     2400  
352.5815      -03.2417      950  
356.5802      -00.7766      487  
349.9871      -05.1449      760  
344.2880      -08.9684      211  
356.9316      -01.5491      741  
359.4211      -00.5178     1000  
 30.6191      +17.0820      352  
359.7381      -00.3334     1514  
357.9402      -01.6054      778  
359.2214      -00.9600     2100  
 26.7489      +14.6626      280  
353.1316      -04.9368      800  
  0.5548      -00.5293     1310  
  0.1439      -00.8440      600  
355.3927      -03.7589      560  
359.4775      -01.6005     2080  
 15.1976      +07.6546      650  
359.7670      -01.8729      766  
 29.9401      +14.9378     1180  
  6.5926      +01.9595     1100  
  2.2123      -00.6428     1700  
355.8606      -04.5005      301  
355.7480      -05.2541     1000  
  9.8936      +02.8343      628  
 16.4204      +06.2339      810  
  5.1488      -00.5151     1390  
  2.2483      -02.2929      986  
 11.5537      +03.0279     1230  
  5.2861      -00.5847      930  
  4.8507      -00.9210     1450  
  6.4102      -00.2354      550  
 29.7495      +12.5172      249  
  6.3876      -00.4988      578  
  7.0858      -00.2872      816  
  2.8811      -02.8435     1900  
  7.9069      -00.0303     1720  
  7.6772      -00.3547     1205  
  6.0828      -01.3313     1330  
  7.3279      -01.3818      938  
  8.3294      -01.0495     2500  
  9.1101      -00.7182     3470  
 58.0989      +22.2589     2330  
  6.4754      -02.3891     1800  
  7.1382      -02.1371     1200  
 13.4336      +01.1586     3400  
  9.4086      -01.6512     1000  
  7.0005      -03.0015      660  
 11.9832      -00.9312     1471  
 15.5445      +00.9138      850  
  9.2825      -02.5336     2040  
  6.1578      -04.2783     1500  
 12.7333      -00.8709     1481  
 12.4553      -01.1735     2330  
 12.3516      -01.2429     1190  
 17.2066      +01.2880     1720  
 14.3071      -00.2881     1100  
 12.3597      -01.3416     1790  
 11.6607      -01.7443     1760  
 18.2466      +01.6949     1696  
 12.8598      -01.3059     3600  
 40.2163      +12.7580      550  
 16.9540      +00.7935     1800  
 14.1827      -01.0111     1296  
  0.6583      -08.1576      750  
 15.0952      -00.7453     1300  
 16.8158      +00.0273     3065  
 16.6611      -00.3203     1990  
 16.5827      -00.4670     1220  
 16.6796      -00.4475     2130  
 19.0447      +00.7954     1335  
 12.3970      -03.2281     1755  
343.7770      -16.9973      385  
 18.4440      -00.4153     1640  
 19.4814      -00.1770     2600  
 36.0112      +08.3278      376  
 19.6040      -01.0278     1580  
 18.9148      -01.5202      700  
 19.6941      -01.2011     1800  
 13.7023      -04.4335      620  
 16.4778      -03.1122     1140  
 19.8710      -01.3524     1735  
 15.7817      -03.5882     1245  
 21.6349      -00.7852     1369  
 20.7487      -01.2778     1600  
 13.9073      -05.6008      800  
 24.2941      -00.2868     1164  
 36.3807      +05.2423      484  
 26.3546      -00.7877     1197  
 27.2373      -00.4085     2700  
  1.5482      -12.9421      800  
 28.2808      +00.0113     1206  
 31.1378      +00.8328     2300  
 23.8786      -02.9134     1600  
 27.3553      -01.9465     2178  
 15.8934      -07.9182      280  
 35.1453      +01.7521     1900  
 37.1279      +02.6330     1910  
 16.4883      -08.0308      320  
 28.2189      -02.2182     2974  
 27.3070      -02.7759     1877  
 42.1203      +04.7152     1075  
 33.1122      +00.0563     3800  
 14.8830      -09.2356      690  
 66.8628      +15.5149      390  
 32.1827      -01.2062     1413  
 15.3951      -09.5927      789  
  9.0617      -12.9827     2800  
 25.7485      -05.6858     1000  
 44.3979      +03.1021      700  
 64.3770      +12.6631      350  
 33.6923      -02.4837     3000  
 17.4338      -10.6702     2120  
 43.2107      +00.9673     3900  
 38.6474      -01.6383     1340  
 38.5977      -01.6874     1421  
 39.0884      -01.6813     1507  
 46.8534      +01.6242      860  
 67.9938      +11.5876      350  
355.0152      -21.8938     1400  
 45.6520      -00.1814     1030  
 21.0122      -12.8163      200  
 53.2120      +03.3544     1800  
 50.0402      +01.1457     2350  
 69.9585      +10.9039     5853  
 50.1968      +00.7656     3900  
 56.1668      +03.3171     1100  
 63.2685      +06.6429     1500  
 49.1666      -00.9787     1380  
 59.2368      +03.9449     1000  
 15.1190      -18.0219     1640  
 52.5611      -00.0578     1070  
 50.4121      -01.3417     2600  
 57.8572      +02.6448     2980  
 53.7701      +00.1639     1600  
 55.3256      +00.9167     1124  
 54.1791      -00.6120     2700  
 60.2469      +02.2573      318  
 69.4579      +07.2609      700  
 79.2105      +12.0149     1215  
 54.7350      -01.2427     2480  
 54.9015      -01.5566      800  
 61.6435      +01.9082     1900  
 73.9778      +08.4810     2360  
 62.7898      +02.1519      500  
 40.2079      -10.6408      500  
 57.4762      -01.1001     3090  
 65.0566      +03.1878     2100  
 59.4018      -00.1439     3176  
 64.7609      +02.5052      852  
 54.5997      -03.4000      670  
 63.8439      +01.8844     7900  
 63.5764      +01.7088     2160  
 60.1935      -00.2826     2000  
 60.7537      -00.5640     7070  
 63.4533      +00.8295     1675  
 58.8653      -01.8905      700  
 58.2631      -02.3372     4100  
 58.2793      -02.4538     2540  
 46.8310      -09.2745      600  
 60.1353      -01.7997     1639  
 62.0054      -00.7008     1360  
 68.0099      +02.8508     9330  
 50.3355      -07.8214     2220  
 65.6981      +01.1890     2067  
 56.2792      -04.6539     1540  
 74.4549      +05.9859     1100  
 70.3390      +03.5114      450  
 68.6905      +01.9196     4450  
 68.1188      +01.4357     2860  
 67.6284      +00.8565      705  
 69.0526      +01.7037     2700  
 58.8105      -04.6817     1467  
 70.9851      +02.5751     2300  
 67.6524      +00.2486      710  
 66.0567      -00.9219     5728  
 68.5295      +00.4454     6140  
 71.8602      +02.4259     1600  
 72.1764      +02.6070     1700  
 77.6594      +05.9822      900  
 70.4504      +01.3946      800  
 69.1073      +00.5187     1715  
 79.5603      +06.8395     1450  
 70.9242      +01.2712     1700  
 31.6535      -20.9885      513  
 66.9839      -01.2702     2000  
 77.2080      +04.9996     1200  
 76.6517      +04.6287     1670  
 72.6447      +02.0542     1574  
 72.5355      +01.8522      550  
 74.9059      +03.2979     1548  
 72.7318      +01.7445     1600  
 72.7508      +01.3457     1106  
 71.4003      +00.2731      389  
 77.6883      +04.2787     6026  
 74.6214      +02.0780     1600  
 73.2774      +01.1754     1380  
 72.1470      +00.2913     1300  
 65.5295      -04.0741      597  
 75.1097      +02.1375     1055  
 67.8813      -02.8305     3700  
 74.3168      +01.2648     1695  
 67.8986      -03.1772     4900  
 75.5359      +01.4531     1429  
 75.3733      +01.3160     2398  
 87.4576      +09.2777      550  
 74.7916      +00.5783     1760  
 78.0985      +02.7807      740  
 70.2420      -02.6105      840  
 75.7257      +00.9813     1760  
 76.1218      +01.0650      972  
 76.6667      +01.2726     1112  
 78.7753      +02.6287     1515  
 75.7149      +00.3044      633  
 79.4298      +02.5420     1050  
 78.6825      +02.0136     1139  
 75.3472      -00.4998     1295  
 76.9051      +00.5937     1148  
 83.1595      +04.8220     2040  
 75.3542      -01.4248     1600  
 74.6447      -02.0837     3100  
 78.1207      +00.2970      450  
 95.9028      +12.3045     1800  
 80.1378      +00.7435     1800  
 80.2226      +00.7867     1800  
 79.3532      +00.0042      780  
 69.8602      -07.1470      770  
 76.8704      -04.2616     1905  
 78.0183      -03.3953     2110  
 67.4655      -11.5078      537  
 82.0964      -01.7144     1060  
 78.1192      -05.2408     2545  
 79.7726      -04.1820      700  
 86.2171      +00.8019      833  
 87.4084      +01.5349      700  
 85.4658      -00.4778      760  
 90.3888      +03.6931     3100  
 85.6787      -01.5192     2700  
 83.1289      -04.1427     2300  
 86.2115      -01.4098     1000  
 88.2434      +00.2660     3930  
 88.0686      +00.1097     4940  
 91.3361      +02.3031      900  
 64.5441      -21.4427     1000  
 88.2946      -01.2460     1466  
 87.8792      -01.7049      951  
 91.3128      +01.4932     6520  
 90.0202      +00.2810     4100  
 92.9306      +02.7974     1355  
 82.8849      -06.6534      450  
 89.5755      -00.4189     2083  
 88.7501      -01.2442     1236  
 85.8904      -04.1499     3161  
 90.8196      -00.1050     1355  
 93.0267      +01.7979     1210  
 85.9908      -05.2212     2100  
 88.5889      -03.5906      964  
 92.7429      +00.4635     2280  
 92.8986      +00.5900      400  
 89.9587      -02.7481     1480  
 83.0584      -09.8825      689  
 91.2161      -01.6951     3600  
 97.9256      +05.0703     8630  
 95.2667      +02.0702     5900  
 91.1986      -02.9047     1442  
 92.5613      -01.6460     1268  
 94.4066      +00.2201     1298  
 92.4027      -02.2418      326  
 96.2719      +01.1030     1075  
 99.3117      +03.7342      835  
 97.0705      +01.0022      550  
 97.3420      +00.4296     2307  
105.3468      +09.4852     1686  
100.3644      +03.5968     2650  
 94.3833      -05.4948      852  
104.0117      +06.4573      789  
105.0720      +07.3186     5600  
 97.4507      -02.5431      600  
 99.4941      -00.3178     5000  
104.8494      +05.3942     1200  
 95.4961      -07.3385     1168  
104.4507      +04.1479      900  
101.4048      -00.5956     2616  
 99.9417      -02.7098     3035  
102.7011      +00.7822     3330  
101.9754      -00.6001     1740  
 98.8568      -05.5237      808  
101.3677      -01.8520     3390  
101.4377      -01.8310     7900  
104.7184      +02.8344     2600  
101.3633      -02.2029     2346  
106.7237      +05.3047      900  
102.7828      -00.7007     3600  
102.8091      -00.6735     3600  
 97.7320      -08.3871     1000  
104.0374      +00.9106     1681  
103.0946      -01.1844     2630  
103.5834      -00.5976     2270  
104.4453      +00.2886     1620  
106.8210      +03.3079     4150  
103.6607      -02.0657     3087  
104.7362      -00.6001     2500  
103.5642      -02.5911     2500  
 95.9111      -15.9022      700  
 95.4654      -17.8142      810  
107.1242      +01.1467     2585  
104.7461      -03.9987      250  
103.8561      -05.6475     3739  
107.1408      -00.8838     2222  
107.8984      +00.5745     2890  
101.7345      -11.4831      600  
107.7624      -01.0167     3010  
109.1335      +01.1199     2300  
108.4814      -00.3956     3379  
107.6125      -02.2748     4150  
110.1782      +02.7653     1500  
106.7097      -04.9007      600  
110.2037      +00.0146     3065  
106.5858      -08.4542      800  
110.5698      +00.1445     1967  
112.2603      +04.1352      350  
110.9026      +00.0645     3480  
111.3502      -00.2250     2114  
109.9354      -05.9628      900  
115.9519      +10.1065     4900  
112.8189      +00.4346     1400  
112.8414      +00.1341     2510  
111.2292      -05.3654     1000  
112.8415      -02.8648     1900  
113.9075      +00.4517     3450  
111.5116      -08.6550      480  
110.5655      -12.5351      500  
114.0252      -01.0468     2370  
113.0131      -04.8310     9638  
115.1232      +00.3188     2144  
114.5571      -02.4903     7379  
115.7847      +01.2414     2511  
117.1632      +06.4774     2892  
115.7923      +01.0020     2680  
115.9465      +00.6827     2103  
115.9678      +00.2704     7900  
102.7394      -44.2728     1500  
116.2075      +00.3364     3400  
116.1238      -00.1300     2378  
116.3246      +00.6652     1260  
117.0503      +02.3099     2530  
116.4343      -00.7814     2374  
116.5593      -00.5679     2560  
115.5319      -05.3849     1795  
116.5887      -01.0084     2944  
118.1271      +05.6443      780  
