00 00 12  +60 58 00 
00 00 21  +50 44 30 
00 01 37  +64 37 30 
00 02 14  +67 25 00 
00 03 30  +63 35 00 
00 04 07  -29 50 00 
00 04 41  +56 05 00 
00 05 17  -20 41 30 
00 07 38  +61 28 30 
00 09 23  +58 39 57 
00 09 36  +60 28 30 
00 09 36  +62 40 48 
00 10 06  +61 10 00 
00 16 20  +59 57 43 
00 17 42  +60 56 00 
00 19 52  +55 42 36 
00 21 54  +61 45 00 
00 22 04  +64 22 50 
00 25 15  +62 37 00 
00 25 16  +61 19 24 
00 25 18  +60 24 00 
00 27 25  +71 23 00 
00 30 00  +60 13 06 
00 30 25  +57 55 25 
00 31 09  +55 16 48 
00 31 19  +63 21 00 
00 31 31  +61 30 36 
00 32 03  +63 09 20 
00 32 54  +61 52 00 
00 32 58  +63 20 03 
00 33 10  +65 07 00 
00 39 35  +61 05 42 
00 39 42  +61 57 00 
00 42 35  +64 04 05 
00 43 39  +61 46 30 
00 43 42  +60 09 00 
00 43 45  +64 11 08 
00 45 01  +64 23 05 
00 47 28  +85 15 18 
00 48 30  +67 12 00 
00 49 42  +64 07 35 
00 51 00  +58 11 00 
00 52 49  +56 37 42 
00 53 10  +61 34 48 
00 53 27  +49 34 00 
00 57 58  +55 50 24 
00 58 29  +68 28 08 
01 01 00  +63 57 00 
01 03 06  +62 47 00 
01 05 11  +62 01 18 
01 06 26  +62 13 48 
01 08 07  +65 38 50 
01 08 19  +61 35 00 
01 12 18  +62 20 00 
01 13 50  +32 01 42 
01 15 11  +60 07 36 
01 15 58  +58 48 42 
01 19 35  +58 17 12 
01 29 35  +63 18 14 
01 33 23  +60 39 00 
01 35 36  +61 28 35 
01 35 42  +61 17 00 
01 36 23  +64 32 18 
01 43 04  +64 02 24 
01 43 21  +55 50 11 
01 44 00  +61 53 06 
01 44 24  +60 40 24 
01 45 45  +71 48 36 
01 46 09  +61 14 06 
01 47 13  +57 43 48 
01 47 48  +62 56 00 
01 51 12  +61 05 00 
01 52 30  +61 50 00 
01 52 48  +57 04 00 
01 53 43  -45 57 12 
01 54 12  +62 22 00 
01 55 06  +61 20 00 
01 57 41  +37 47 06 
01 58 33  +55 28 24 
01 58 37  +60 09 18 
01 58 55  +58 58 12 
02 01 06  +75 29 00 
02 02 00  +62 50 00 
02 03 01  +62 14 48 
02 04 30  +64 26 00 
02 07 23  +60 15 25 
02 14 43  +59 29 06 
02 19 00  +57 07 42 
02 19 28  +58 18 00 
02 19 36  +63 43 00 
02 20 49  +59 36 36 
02 21 06  +65 54 00 
02 22 23  +57 07 33 
02 23 42  +63 52 00 
02 29 08  +62 06 19 
02 29 10  +61 47 42 
02 29 40  +60 42 24 
02 32 15  +44 38 48 
02 32 42  +61 27 00 
02 33 00  +58 44 00 
02 33 21  +57 33 36 
02 33 32  +59 53 12 
02 33 54  +60 10 00 
02 35 42  +59 00 00 
02 36 35  +59 38 00 
02 36 53  +55 54 54 
02 39 00  +60 25 00 
02 39 12  +54 55 00 
02 42 05  +42 45 42 
02 42 43  +61 38 01 
02 44 42  +62 21 00 
02 46 55  +57 43 48 
02 47 42  +61 58 29 
02 51 12  +60 26 00 
02 59 23  +60 34 00 
03 04 18  +58 46 00 
03 05 56  +44 23 00 
03 10 49  -57 46 00 
03 11 40  +53 20 42 
03 11 48  +63 15 00 
03 14 42  +47 14 12 
03 14 45  +52 41 12 
03 16 11  +60 06 56 
03 16 54  +58 36 00 
03 21 42  -36 18 00 
03 23 12  +52 15 00 
03 24 19  +49 51 42 
03 27 27  +34 57 12 
03 27 50  +56 23 59 
03 30 48  +52 39 00 
03 31 38  +37 22 36 
03 32 17  +44 50 24 
03 32 37  +52 39 04 
03 34 06  +51 24 30 
03 39 32  +66 29 09 
03 44 26  +29 40 00 
03 44 34  +32 09 48 
03 47 00  +24 07 00 
03 47 18  +53 54 35 
03 47 48  +59 03 00 
03 49 25  +52 39 30 
03 52 24  +61 57 00 
03 55 21  +58 23 30 
03 57 51  -76 47 42 
03 59 00  +51 48 00 
03 59 18  +57 14 14 
04 00 18  -12 00 54 
04 04 32  +52 39 42 
04 06 43  +27 32 34 
04 07 50  +62 19 54 
04 09 57  +49 30 54 
04 13 11  -70 28 18 
04 15 23  +51 12 54 
04 18 36  +52 51 30 
04 19 00  +58 18 00 
04 19 45  +53 10 00 
04 20 36  +44 55 00 
04 20 57  +50 15 12 
04 21 20  +36 55 00 
04 24 13  +29 42 14 
04 26 54  +15 52 00 
04 28 00  +30 56 00 
04 31 39  +43 44 36 
04 34 53  +45 16 12 
04 35 32  -65 45 00 
04 38 06  +50 45 00 
04 40 36  +50 27 42 
04 41 37  +71 14 12 
04 44 30  +42 04 00 
04 44 36  +42 41 00 
04 45 55  +19 06 54 
04 46 02  +55 12 24 
04 46 30  +44 44 00 
04 48 27  +10 56 12 
04 48 58  +13 08 54 
04 49 55  +41 43 48 
04 50 04  -25 57 24 
04 51 06  +43 40 30 
04 55 43  +36 46 55 
04 55 52  +52 48 00 
04 57 09  +28 46 47 
04 58 14  +43 00 48 
04 58 35  -68 50 40 
05 00 12  +43 28 00 
05 02 05  +44 30 00 
05 03 27  +52 50 00 
05 03 50  +23 46 12 
05 03 55  +23 39 30 
05 04 35  +23 47 54 
05 06 20  +39 09 50 
05 06 35  +34 51 24 
05 07 14  +30 50 34 
05 07 22  +22 16 42 
05 08 04  +37 01 24 
05 08 25  +39 05 04 
05 10 01  +38 49 14 
05 10 14  +24 06 30 
05 11 02  +52 07 06 
05 11 39  +47 41 30 
05 12 15  +16 41 24 
05 12 39  +73 58 29 
05 13 19  +44 34 48 
05 14 44  +32 41 19 
05 16 00  -45 14 12 
05 18 10  +33 22 25 
05 18 11  -68 27 00 
05 18 36  +37 37 30 
05 20 06  +39 20 36 
05 20 11  -26 02 54 
05 20 31  +35 13 12 
05 20 32  +39 32 50 
05 20 36  +30 36 00 
05 22 12  +45 24 00 
05 22 37  +36 33 00 
05 22 44  +33 24 42 
05 22 53  +41 04 51 
05 23 21  +33 30 29 
05 23 42  +08 11 00 
05 23 54  +11 28 00 
05 24 06  +29 36 00 
05 24 36  +01 48 00 
05 24 36  +32 39 00 
05 25 12  +30 10 12 
05 25 42  +29 19 42 
05 25 42  +41 54 00 
05 25 54  +46 29 24 
05 26 06  +16 42 01 
05 26 10  +00 49 12 
05 26 41  +36 00 49 
05 27 11  +06 16 00 
05 27 24  +07 04 00 
05 27 47  -01 58 48 
05 27 49  +33 47 36 
05 28 01  +40 22 18 
05 28 05  +35 19 30 
05 28 07  +34 25 24 
05 28 21  +34 46 30 
05 28 40  +35 50 54 
05 28 44  +01 37 48 
05 28 59  +03 39 00 
05 30 18  +38 13 51 
05 31 25  +34 14 42 
05 32 37  +00 11 18 
05 33 42  +26 29 00 
05 35 06  +09 56 00 
05 35 09  -04 25 54 
05 35 16  -04 49 12 
05 35 16  -05 23 24 
05 35 24  -05 54 54 
05 35 30  -01 06 00 
05 35 54  +25 57 00 
05 36 18  +34 08 24 
05 36 51  +31 12 39 
05 38 10  +25 49 00 
05 38 42  -02 36 00 
05 39 00  +37 56 00 
05 39 17  -17 50 48 
05 39 29  +33 20 46 
05 39 30  +33 21 00 
05 40 55  +32 16 40 
05 41 22  +39 14 24 
05 42 46  +30 57 33 
05 43 12  +20 08 00 
05 43 52  +21 42 37 
05 44 01  +55 47 36 
05 44 06  -33 56 06 
05 44 22  +28 49 13 
05 47 29  +35 25 56 
05 48 30  +30 13 00 
05 48 40  +07 21 30 
05 49 24  +33 38 00 
05 50 04  +28 53 41 
05 50 18  +22 12 00 
05 51 42  +21 47 00 
05 52 05  +27 23 30 
05 52 15  +29 55 09 
05 52 18  +32 33 12 
05 53 45  +00 24 36 
05 53 52  +26 49 47 
05 55 09  -59 54 37 
05 55 25  +20 53 11 
05 58 12  +21 58 00 
05 58 27  +07 45 24 
06 00 56  +35 16 36 
06 01 07  +23 19 20 
06 02 29  +49 55 04 
06 02 55  +10 26 48 
06 03 07  +05 43 42 
06 04 10  +31 29 44 
06 04 26  +14 33 20 
06 04 50  +24 03 21 
06 04 51  +24 09 30 
06 04 50  -29 10 59 
06 04 58  -26 44 00 
06 05 58  +13 40 06 
06 07 25  +24 05 48 
06 08 24  +13 57 54 
06 08 48  +24 19 54 
06 08 54  +24 20 00 
06 08 56  +26 15 49 
06 09 11  +04 35 35 
06 09 21  +31 13 54 
06 09 28  +24 55 42 
06 09 36  -22 09 06 
06 09 39  +20 29 12 
06 09 48  +04 48 26 
06 10 02  +24 33 38 
06 10 36  +16 58 16 
06 10 54  +20 36 26 
06 11 00  -03 29 00 
06 11 04  +51 40 36 
06 12 07  +05 27 30 
06 13 06  +06 59 00 
06 13 45  +12 48 24 
06 14 15  +22 29 52 
06 14 33  +00 38 30 
06 14 35  -29 22 30 
06 14 47  +12 52 15 
06 15 17  +39 51 18 
06 15 26  +03 50 42 
06 15 33  -18 39 54 
06 15 53  +14 16 00 
06 16 50  +05 59 48 
06 18 00  +23 38 00 
06 18 02  +24 42 38 
06 19 22  +18 32 30 
06 20 20  +46 40 12 
06 20 35  -44 40 42 
06 20 49  -07 17 00 
06 21 42  +02 22 00 
06 22 00  -06 21 00 
06 22 54  +05 07 00 
06 23 21  +04 35 57 
06 23 44  -04 40 36 
06 25 24  +13 51 59 
06 25 25  +19 46 00 
06 25 40  +13 36 25 
06 25 53  +15 50 15 
06 26 36  -09 38 18 
06 27 15  -04 45 30 
06 27 32  +12 39 20 
06 28 44  -07 01 12 
06 29 24  +09 10 55 
06 29 29  +16 43 08 
06 29 34  -31 17 00 
06 29 39  +06 49 48 
06 30 18  +02 52 00 
06 30 48  -04 13 00 
06 30 48  -09 40 00 
06 30 51  +09 56 37 
06 31 18  +05 55 00 
06 31 28  +06 48 12 
06 31 55  +04 56 30 
06 32 41  +12 31 55 
06 33 10  +35 15 00 
06 33 30  +20 33 00 
06 33 47  -05 05 18 
06 34 12  +08 05 00 
06 34 38  +08 22 00 
06 34 42  +05 22 00 
06 35 49  +07 40 24 
06 36 18  -30 51 30 
06 36 24  -14 11 00 
06 36 30  +04 49 00 
06 36 36  +08 21 00 
06 36 42  +09 26 00 
06 37 00  +03 04 00 
06 37 06  +05 57 00 
06 37 42  +04 44 00 
06 37 47  -00 52 19 
06 38 03  -01 28 24 
06 38 21  +10 53 00 
06 38 24  +02 01 00 
06 38 42  +06 54 00 
06 39 38  +01 08 36 
06 40 00  -27 19 00 
06 40 58  +09 53 42 
06 41 00  -16 31 00 
06 41 01  -29 33 00 
06 41 41  +11 54 18 
06 42 01  -12 58 27 
06 42 07  -29 27 15 
06 42 55  +00 02 46 
06 43 04  +01 40 19 
06 43 17  +04 37 30 
06 43 19  +26 58 12 
06 43 35  +02 10 24 
06 43 55  +01 24 09 
06 43 57  +03 28 42 
06 44 41  +01 41 05 
06 45 06  +00 18 00 
06 45 32  +24 36 00 
06 46 01  -20 45 24 
06 46 30  +01 46 00 
06 46 54  +01 20 00 
06 47 04  -00 00 25 
06 47 40  -03 08 54 
06 48 17  +41 04 42 
06 48 54  +00 23 00 
06 48 54  -10 32 00 
06 49 01  -23 59 48 
06 50 18  +05 45 00 
06 50 24  +07 15 00 
06 50 39  -42 23 24 
06 51 18  +05 46 00 
06 51 45  +00 27 36 
06 51 55  -07 05 00 
06 52 12  +02 56 00 
06 52 19  +02 11 27 
06 52 30  -23 40 00 
06 53 18  +16 55 00 
06 53 53  -04 23 24 
06 54 03  -13 34 03 
06 54 04  -00 10 12 
06 54 18  -01 39 00 
06 54 29  -07 12 12 
06 55 11  +17 59 18 
06 55 14  -18 36 00 
06 56 00  -13 17 00 
06 56 03  -07 10 30 
06 56 20  -24 43 46 
06 57 00  -06 12 36 
06 57 36  +08 16 00 
06 57 42  +03 13 00 
06 57 42  -13 13 00 
06 57 47  -04 36 42 
06 58 06  +06 26 00 
06 58 47  +10 17 42 
06 59 27  -13 41 54 
06 59 43  -04 04 00 
07 00 21  -05 49 36
07 00 24  -00 15 00 
07 00 27  -03 00 36 
07 00 29  -20 34 00 
07 00 32  +03 02 30 
07 00 32  -08 52 00 
07 00 54  +03 30 00 
07 01 27  -03 07 03
07 01 42  -13 35 00 
07 01 59  -26 30 12 
07 02 07  -21 55 00 
07 02 30  -01 07 51 
07 02 42  -08 23 00 
07 03 03  -67 24 42 
07 03 05  -20 49 00 
07 03 11  -25 03 00 
07 03 12  +06 25 00 
07 03 24  -05 03 00 
07 03 54  -11 32 00 
07 04 00  -06 08 00 
07 04 07  +01 02 42 
07 04 16  -19 45 00 
07 05 55  -28 25 00 
07 06 12  -14 59 00 
07 06 14  -30 10 00 
07 06 28  -20 06 32 
07 06 40  -11 44 00 
07 06 49  -10 01 42 
07 06 52  -10 32 18 
07 06 56  -10 42 54 
07 06 59  +27 15 42 
07 07 10  -28 12 00 
07 07 21  -20 48 00 
07 07 47  -05 43 12 
07 08 03  -25 52 00 
07 08 06  -10 37 00 
07 08 18  -13 11 36 
07 09 24  -16 57 00 
07 09 56  +02 44 01 
07 10 12  +75 12 12 
07 10 31  -08 25 39 
07 10 30  +06 04 12 
07 10 47  -09 20 12 
07 10 48  -08 35 36 
07 12 40  +02 07 12 
07 13 05  -24 02 18 
07 13 31  -10 29 12 
07 14 10  -25 41 24 
07 14 30  -10 16 00 
07 14 31  -21 07 12 
07 14 55  -31 22 00 
07 15 20  -30 41 00 
07 16 06  -13 06 00 
07 16 29  -46 41 06 
07 16 56  -17 07 00 
07 16 59  +13 45 00 
07 17 05  -35 16 48 
07 17 06  -13 58 00 
07 17 17  -36 49 00 
07 17 43  -15 38 30 
07 18 02  -22 40 00 
07 18 04  -24 28 48 
07 18 05  -18 35 42 
07 18 28  -17 34 30 
07 18 41  -24 57 18 
07 19 07  -22 01 40 
07 19 33  -19 38 00 
07 20 06  -13 08 00 
07 20 06  -21 52 54 
07 20 24  -01 06 00 
07 20 46  -07 33 00 
07 20 56  +01 48 29 
07 20 57  -22 52 00 
07 21 06  -10 22 18 
07 21 28  -03 14 00 
07 21 47  -00 59 06 
07 22 02  -08 58 46
07 22 55  -29 30 00 
07 23 10  -19 28 00 
07 23 24  -12 20 00 
07 23 36  -23 11 00 
07 23 38  +05 22 15 
07 23 56  -13 15 48 
07 24 14  -24 38 00 
07 24 27  -31 51 00 
07 24 39  -26 13 00 
07 24 40  -20 56 54 
07 24 42  -17 00 10 
07 25 10  -21 01 18 
07 25 51  -21 35 00 
07 26 08  -15 05 36 
07 26 23  -47 40 00 
07 26 25  -24 12 00 
07 26 43  -28 49 00 
07 26 56  -31 11 00 
07 27 00  -37 31 16 
07 27 11  -05 33 00 
07 27 12  +13 36 30 
07 27 22  -23 57 00 
07 28 00  -11 43 00 
07 28 18  -15 24 00 
07 28 36  +07 05 12 
07 28 36  -15 23 00 
07 28 42  -20 49 30 
07 28 56  -18 19 00 
07 29 18  -29 11 00 
07 29 24  -13 58 00 
07 30 06  +11 54 00 
07 30 06  -18 32 00 
07 30 12  -15 50 00 
07 30 40  -15 18 00 
07 30 41  -23 23 00 
07 31 00  -16 56 00 
07 31 18  -09 58 00 
07 31 37  -17 11 36 
07 31 54  -12 45 00 
07 32 00  -19 25 00 
07 33 00  -22 57 00 
07 33 07  -13 24 00 
07 33 12  -15 27 12 
07 33 24  -28 11 15 
07 33 28  -20 31 00 
07 33 36  -13 45 36 
07 35 30  -27 41 59 
07 36 13  -20 36 42 
07 36 35  -14 29 00 
07 36 47  -23 23 00 
07 36 59  -20 30 35 
07 37 02  -32 11 54 
07 37 06  -13 52 18 
07 37 11  -26 23 18 
07 37 12  -15 39 00 
07 37 30  -12 04 00 
07 37 34  -26 30 00 
07 37 44  -36 04 00 
07 38 17  -14 52 42 
07 38 23  +21 34 24 
07 38 24  -10 41 00 
07 38 46  -33 50 36 
07 39 18  -10 33 00 
07 39 21  -16 31 42 
07 39 36  -30 56 00 
07 39 41  -16 17 48 
07 39 45  -27 17 36 
07 40 06  -33 32 00 
07 40 09  +71 39 18 
07 40 30  -30 05 00 
07 40 45  -31 41 36 
07 40 53  -19 04 36 
07 41 08  -30 44 18 
07 41 18  -16 15 00 
07 41 18  -24 21 00 
07 41 46  -14 48 36 
07 42 25  -31 28 00 
07 42 58  -35 35 50 
07 43 12  -38 24 00 
07 44 27  -34 38 42 
07 44 27  -37 40 00 
07 44 30  -23 51 24 
07 44 34  -24 40 48 
07 44 51  -28 22 00 
07 45 10  -25 32 00 
07 45 32  -32 51 00 
07 45 47  -46 42 48 
07 45 55  -20 23 00 
07 45 58  -21 57 00 
07 46 13  -31 17 00 
07 46 42  -04 36 00 
07 47 02  +00 01 06 
07 47 03  -32 58 06 
07 47 35  -27 11 42 
07 48 23  -26 18 00 
07 48 40  -25 57 00 
07 48 40  -26 56 48 
07 49 01  -21 18 06 
07 49 24  -42 42 18 
07 49 54  -17 17 00 
07 50 20  -25 28 00 
07 50 30  -20 11 00 
07 50 30  -29 50 45 
07 51 37  -31 49 00 
07 52 10  -38 31 48 
07 52 19  -22 27 00 
07 52 26  -26 26 12 
07 52 30  -60 19 48 
07 52 39  -26 23 00 
07 52 47  -26 17 00 
07 53 01  -53 02 42 
07 53 06  -28 10 12 
07 53 49  -26 58 00 
07 54 30  -38 14 00 
07 55 06  -17 42 36 
07 55 06  -25 21 54 
07 55 12  -24 15 30 
07 55 39  -27 53 42 
07 55 40  -25 53 00 
07 56 15  -30 03 48 
07 56 15  -30 22 00 
07 57 36  -25 55 00 
07 58 04  -60 45 12 
07 58 21  -34 46 11 
07 58 51  -28 35 00 
07 59 16  -27 35 06 
07 59 18  -28 58 00 
07 59 19  -22 41 30 
07 59 36  -16 18 00 
08 00 01  -10 46 12 
08 00 19  -30 17 00 
08 00 48  -19 03 06 
08 01 09  -27 13 00 
08 01 43  -41 36 18 
08 01 46  -44 25 00 
08 01 48  -50 33 30 
08 02 19  -31 04 00 
08 02 24  -29 46 36 
08 02 42  -32 03 00 
08 02 49  -46 23 00 
08 03 15  -26 46 00 
08 03 27  -30 52 00 
08 03 37  -30 39 00 
08 03 37  -31 25 36 
08 04 58  -28 08 48 
08 05 05  -31 49 00 
08 05 09  -31 58 00 
08 06 52  -30 50 12 
08 07 04  -29 53 00 
08 07 05  -32 21 00 
08 07 08  -36 03 48 
08 09 32  -47 20 12 
08 10 09  -49 12 54 
08 10 37  -12 49 06 
08 10 54  -26 60 00 
08 11 21  -31 57 00 
08 12 15  -37 35 42 
08 12 27  -27 54 00 
08 12 27  -32 35 00 
08 12 33  -40 28 00 
08 13 43  -05 45 00 
08 14 24  -36 23 00 
08 14 47  -31 57 00 
08 15 05  -26 58 00 
08 15 39  -30 50 00 
08 15 50  -35 39 00 
08 16 34  -48 30 36 
08 17 54  -41 40 00 
08 18 18  -37 06 00 
08 18 32  -30 38 24 
08 18 56  -29 45 00 
08 19 10  -35 39 00 
08 19 17  -45 12 30 
08 19 21  -34 29 00 
08 20 52  -36 13 00 
08 21 28  -30 18 00 
08 22 12  -36 24 00 
08 23 10  -32 58 30 
08 23 21  -36 20 00 
08 23 25  -29 30 30 
08 24 13  -29 10 00 
08 24 27  -47 13 00 
08 24 31  -41 17 42 
08 25 17  -34 09 00 
08 25 28  -39 38 02 
08 26 53  -41 15 00 
08 27 09  -34 42 18 
08 29 32  -61 06 36 
08 29 49  -19 06 00 
08 31 15  -44 30 00 
08 31 22  -38 39 00 
08 31 41  -41 47 30 
08 31 44  -39 07 54 
08 31 52  -36 11 59 
08 32 31  -41 59 32 
08 32 32  -19 41 00 
08 32 40  -48 18 00 
08 34 30  -37 36 36 
08 34 36  -44 25 00 
08 35 49  -43 37 00 
08 37 15  -29 57 18 
08 37 20  -40 09 00 
08 37 38  -39 35 00 
08 38 26  -34 46 12 
08 39 03  -46 14 00 
08 39 16  -44 03 00 
08 40 24  +19 40 00 
08 40 32  -53 02 00 
08 40 33  -38 04 00 
08 41 08  -38 42 00 
08 41 36  -46 16 00 
08 41 39  -43 22 00 
08 42 06  -79 01 38 
08 42 30  -48 06 48 
08 42 37  -44 59 00 
08 42 38  -47 12 00 
08 42 53  -27 52 24 
08 43 27  -32 39 30 
08 43 43  -37 42 48 
08 43 53  -40 13 54 
08 44 36  -47 36 00 
08 44 38  -35 54 00 
08 44 48  -45 58 00 
08 44 51  -41 14 00 
08 45 00  -31 38 00 
08 45 18  -31 46 00 
08 45 30  -48 48 00 
08 46 12  -41 52 42 
08 46 15  -47 41 54 
08 46 22  -52 56 54 
08 46 30  -52 54 00 
08 47 11  -52 04 30 
08 47 54  -42 27 00 
08 47 58  -38 03 30 
08 48 00  -47 01 48 
08 49 06  -46 50 00 
08 49 23  -46 51 00 
08 49 41  -44 22 00 
08 49 47  +44 42 12 
08 50 02  +11 20 18 
08 50 07  +11 56 42 
08 50 17  -41 43 12 
08 50 30  +12 17 42 
08 51 18  +11 48 00 
08 51 27  +11 23 42 
08 51 35  -50 15 18 
08 52 00  +12 22 42 
08 52 05  -37 36 00 
08 52 27  -37 34 00 
08 53 00  -35 28 36 
08 53 01  +11 51 42 
08 56 11  -39 31 00 
08 57 08  -43 15 00 
08 57 12  -47 46 00 
09 00 32  -48 59 00 
09 01 10  -50 55 00 
09 02 36  -43 38 00 
09 04 49  -46 02 30 
09 05 15  -55 57 18 
09 09 30  -59 07 42 
09 10 12  -56 16 00 
09 10 30  -53 53 12 
09 11 23  -47 02 24 
09 13 47  -43 44 24 
09 16 01  -36 37 30 
09 15 53  -50 01 00 
09 16 44  -50 17 06 
09 18 00  -69 41 24 
09 19 23  -40 31 24 
09 19 41  -38 07 00 
09 20 00  -45 07 00 
09 20 18  -60 24 00 
09 20 32  -52 51 06 
09 20 39  -49 13 23 
09 21 03  -37 07 00 
09 21 55  -56 19 00 
09 22 07  -51 06 00 
09 24 13  -51 40 00 
09 24 21  -44 42 18 
09 25 18  -54 43 00 
09 25 42  -53 14 00 
09 26 45  -51 16 00 
09 27 04  -55 07 00 
09 27 38  -57 00 00 
09 27 58  -54 15 36 
09 29 10  -53 42 00 
09 29 51  -52 47 00 
09 30 30  -52 55 06 
09 31 08  -56 25 00 
09 31 24  -53 03 00 
09 31 56  -50 13 00 
09 33 11  -53 23 54 
09 33 29  -52 23 10 
09 33 51  -36 36 54 
09 34 45  -48 02 00 
09 34 48  -54 42 00 
09 35 25  -39 32 00 
09 37 55  -59 33 00 
09 40 12  -50 19 24 
09 40 33  -50 35 00 
09 40 59  -53 51 00 
09 42 01  -44 01 12 
09 42 03  -44 01 00 
09 43 42  -56 33 00 
09 44 06  -53 18 00 
09 44 46  -54 26 24 
09 45 12  -44 06 00 
09 45 46  -54 00 00 
09 48 37  -56 25 18 
09 49 08  -65 15 00 
09 49 15  -54 36 00 
09 49 16  -62 40 18 
09 51 16  -53 10 00 
09 51 32  -56 19 00 
09 54 18  -57 04 48 
09 54 43  -50 55 00 
09 55 33  -28 59 12 
09 56 22  -47 02 00 
09 57 39  -54 41 00 
09 57 45  -54 36 00 
09 58 45  -30 54 36 
10 00 39  -54 47 18 
10 01 19  -58 13 00 
10 01 26  -55 07 00 
10 01 36  -59 28 00 
10 01 52  -49 34 00 
10 02 36  -60 07 12 
10 03 12  -58 09 00 
10 03 14  -64 45 12 
10 03 54  -32 03 12 
10 04 18  -55 26 00 
10 04 39  -55 51 29 
10 04 54  -61 36 00 
10 05 03  -55 48 00 
10 06 21  -60 23 00 
10 06 29  -60 18 00 
10 06 30  -51 34 00 
10 06 37  -60 30 00 
10 08 13  -64 22 12 
10 08 46  -61 15 00 
10 09 35  -28 21 30 
10 10 48  -66 40 48 
10 11 06  -56 36 00 
10 12 10  -58 04 00 
10 14 03  -29 11 24 
10 14 58  -64 36 42 
10 15 07  -54 58 12 
10 15 32  -50 43 00 
10 17 18  -58 42 00 
10 18 55  -63 08 00 
10 19 07  -56 25 00 
10 20 13  -57 39 00 
10 21 22  -51 43 42 
10 21 24  -54 27 03 
10 21 39  -69 20 06 
10 23 00  -54 48 00 
10 23 48  -60 08 00 
10 24 02  -57 46 00 
10 25 52  -57 55 36 
10 26 31  -60 40 36 
10 27 29  +66 47 54 
10 27 29  -57 37 00 
10 28 26  -58 11 00 
10 28 27  -60 40 00 
10 28 54  -58 47 00 
10 29 05  -60 45 00 
10 29 10  -60 59 00 
10 29 12  -56 47 00 
10 30 18  -54 08 00 
10 30 53  -53 52 00 
10 31 00  -58 27 00 
10 32 16  -60 01 12 
10 32 24  -56 42 00 
10 33 07  -58 28 48 
10 34 42  -58 08 00 
10 35 46  -60 07 00 
10 35 51  -58 13 48 
10 35 56  -58 44 12 
10 36 14  -61 51 00 
10 37 00  -58 44 00 
10 37 20  -58 38 30 
10 37 54  -59 11 00 
10 38 46  -54 07 24 
10 38 55  -69 02 00 
10 39 59  -59 11 21 
10 41 25  -55 18 20 
10 42 12  -59 08 00 
10 42 12  -65 06 00 
10 42 58  -64 24 00 
10 43 08  -61 10 00 
10 43 56  -59 33 00 
10 44 00  -60 05 12 
10 44 39  -59 33 36 
10 44 43  -59 22 00 
10 45 10  -59 43 00 
10 46 08  -56 51 36 
10 47 15  -60 05 00 
10 47 38  -57 28 02 
10 50 00  -56 24 00 
10 50 53  -60 06 00 
10 52 12  -45 08 54 
10 52 42  -54 14 00 
10 52 50  -59 27 53 
10 52 54  -62 19 00 
10 53 41  -58 14 24 
10 53 47  -61 45 00 
10 54 14  -61 44 16 
10 55 52  -60 24 36 
10 56 32  -63 01 04 
10 56 24  -59 12 00 
10 56 51  -61 07 00 
10 57 24  -61 43 00 
10 58 22  -59 03 00 
10 59 01  -59 29 58 
10 59 23  -59 32 40 
10 59 36  -60 20 12 
11 00 58  -45 21 00 
11 01 04  -60 14 00 
11 01 06  -59 49 00 
11 03 04  -60 55 12 
11 04 24  -61 22 06 
11 04 51  -67 57 00 
11 05 34  -61 15 12 
11 05 39  -58 45 12 
11 05 56  -59 49 00 
11 06 08  -61 06 00 
11 06 19  -61 14 18 
11 07 18  -61 27 00 
11 08 07  -26 43 48 
11 08 41  -60 42 48 
11 09 08  -63 50 00 
11 09 42  -59 06 00 
11 10 23  -60 14 54 
11 10 34  -59 02 00 
11 10 42  -60 24 00 
11 10 43  -60 23 00 
11 11 06  -61 07 12 
11 11 28  -60 40 00 
11 11 37  -60 24 00 
11 11 40  -60 18 35 
11 12 07  -21 21 00 
11 12 59  -60 47 18 
11 13 01  -60 47 00 
11 13 05  -58 53 00 
11 13 37  -55 25 12 
11 15 07  -57 33 00 
11 15 07  -61 15 36 
11 16 18  -60 16 00 
11 17 27  -62 44 00 
11 19 41  -65 13 12 
11 19 42  -63 29 00 
11 20 00  -58 50 00 
11 21 11  -58 13 54 
11 23 03  -58 33 00 
11 25 38  -43 14 36 
11 30 37  -63 26 00 
11 30 51  -60 44 00 
11 30 55  -58 29 00 
11 32 52  -60 43 00 
11 36 14  -61 36 30 
11 38 20  -63 22 22 
11 41 31  -61 01 12 
11 41 34  -62 25 05 
11 42 24  -62 29 00 
11 43 38  -61 08 00 
11 43 42  -62 31 00 
11 43 48  -62 31 00 
11 44 09  -61 04 54 
11 45 30  -62 26 00 
11 49 49  -48 15 06 
11 50 08  -48 14 00 
11 50 33  -55 40 24 
11 50 37  -62 08 00 
11 51 47  -61 17 00 
11 53 15  -62 36 32 
11 56 00  -58 26 00 
11 57 28  -62 43 00 
11 58 40  -64 35 00 
11 59 51  -78 12 27 
12 01 02  -63 13 30 
12 01 41  -64 06 00 
12 02 55  -60 55 30 
12 03 04  -63 51 00 
12 05 53  -62 37 00 
12 06 36  -69 46 12 
12 06 40  -61 15 00 
12 07 46  -59 18 00 
12 08 19  -60 39 00 
12 09 38  -62 59 00 
12 10 30  -59 29 00 
12 13 02  -62 42 23 
12 13 33  -62 43 00 
12 14 03  -63 35 36 
12 15 00  -64 25 48 
12 17 20  -55 06 06 
12 20 39  -64 47 00 
12 20 42  -67 31 12 
12 23 18  -59 39 36 
12 24 04  -58 07 24 
12 24 08  -61 52 18 
12 24 33  -68 28 00 
12 24 46  -60 53 12 
12 24 53  -60 26 00 
12 25 06  +26 06 00 
12 26 22  -61 43 00 
12 26 26  -63 24 51 
12 27 00  -64 04 00 
12 27 16  -60 46 44 
12 28 27  -60 06 18 
12 28 32  -60 53 43 
12 28 35  -56 26 00 
12 28 36  -59 49 00 
12 29 38  -57 52 36 
12 29 56  -64 47 24 
12 33 00  -60 57 00 
12 34 14  -61 34 00 
12 36 36  -67 17 24 
12 37 57  -68 22 00 
12 39 31  -60 38 00 
12 42 18  -62 59 42 
12 43 37  -63 06 00 
12 47 17  -60 39 00 
12 51 37  -69 43 48 
12 53 01  -60 46 00 
12 53 06  -67 10 00 
12 53 39  -60 21 42 
12 57 59  -64 57 36 
13 00 09  -59 36 48 
13 10 50  +30 28 36 
13 12 24  -65 18 00 
13 12 27  -62 42 01 
13 12 54  -62 40 48 
13 14 10  -63 23 24 
13 15 06  -65 55 00 
13 16 09  -60 04 24 
13 18 13  -67 05 00 
13 19 29  -62 38 00 
13 19 46  -64 57 00 
13 23 31  -66 11 00 
13 23 39  -63 40 10 
13 23 43  -41 53 12 
13 24 21  -59 44 00 
13 24 40  -62 29 00 
13 25 39  -63 28 00 
13 27 16  -59 02 00 
13 27 44  -62 18 46 
13 29 17  -71 16 06 
13 29 18  -61 12 00 
13 29 54  -64 12 00 
13 30 26  -61 19 00 
13 31 06  -60 56 24 
13 31 30  -35 03 56 
13 32 11  -58 28 00 
13 32 14  -62 48 00 
13 34 06  -59 15 00 
13 34 06  -64 31 00 
13 34 12  -62 25 02 
13 34 39  -60 12 00 
13 35 49  -58 48 36 
13 36 30  -62 12 49 
13 36 55  -62 05 36 
13 39 41  -64 20 00 
13 40 12  -61 43 45 
13 43 28  -59 07 18 
13 43 25  -63 00 48 
13 44 44  -62 54 54 
13 44 48  -60 17 00 
13 45 24  -62 01 00 
13 46 35  -62 55 00 
13 47 10  -62 25 12 
13 47 57  -66 01 12 
13 48 24  -66 04 00 
13 48 44  -64 41 06 
13 51 44  -63 27 12 
13 51 56  -64 52 30 
13 52 16  -66 24 00 
13 53 30  -59 45 00 
13 53 57  -61 52 06 
13 54 18  -65 19 00 
13 54 39  -31 57 30 
13 58 18  -61 47 00 
13 59 18  -57 51 00 
13 59 24  -58 23 00 
13 59 30  -59 21 00 
14 00 02  -62 09 00 
14 00 09  -70 23 30 
14 00 41  -59 35 12 
14 04 24  -58 42 00 
14 05 26  -67 28 00 
14 05 42  -59 42 00 
14 07 27  -48 20 36 
14 09 03  -59 43 00 
14 10 48  -62 19 48 
14 14 06  -57 52 00 
14 15 29  -64 36 42 
14 15 52  -78 30 12 
14 15 54  -59 08 00 
14 18 11  -58 58 00 
14 18 12  -61 26 00 
14 18 32  -56 55 06 
14 24 35  -61 19 50 
14 25 39  -54 47 54 
14 27 47  -59 37 54 
14 29 44  -60 42 42 
14 30 23  -58 13 00 
14 30 40  -60 53 00 
14 31 02  -61 10 00 
14 32 33  -56 53 12 
14 33 29  -62 01 00 
14 33 58  -61 22 00 
14 35 37  -56 37 06 
14 35 54  -59 58 00 
14 37 27  -29 24 42 
14 41 06  +69 34 00 
14 41 48  -62 52 00 
14 43 30  -57 34 37 
14 44 18  -63 25 00 
14 44 46  -59 09 54 
14 44 56  -61 43 00 
14 48 14  -66 20 12 
14 48 53  -54 29 54 
14 50 43  -52 16 00 
14 53 26  -60 28 57 
14 53 32  -52 40 12 
14 55 12  -83 25 24 
14 56 50  -62 33 00 
15 01 47  -51 55 06 
15 04 21  -54 23 48 
15 05 06  -68 23 24 
15 05 30  -55 36 12 
15 07 42  -54 30 00 
15 10 24  -58 47 00 
15 15 23  -59 04 00 
15 16 49  -58 22 00 
15 16 49  -59 40 00 
15 19 12  -60 43 48 
15 24 36  -60 08 24 
15 27 26  -54 31 42 
15 27 32  -41 03 12 
15 29 33  -51 14 00 
15 29 48  -64 51 48 
15 33 19  -55 14 11 
15 33 39  -58 09 00 
15 33 46  -53 40 00 
15 35 00  -58 16 00 
15 40 49  -52 26 00 
15 41 54  -56 39 00 
15 43 33  -52 28 30 
15 46 20  -52 22 54 
15 46 55  -50 58 48 
15 47 24  -64 24 36 
15 49 34  -28 35 18 
15 50 08  -57 37 00 
15 50 13  -52 48 00 
15 52 08  -56 28 24 
15 54 54  -60 44 24 
15 55 04  -46 00 54 
15 55 48  -57 26 12 
15 57 03  -59 28 00 
15 57 50  -36 12 18 
16 00 49  -53 32 10 
16 01 30  -54 07 00 
16 03 17  -60 25 54 
16 04 52  -51 56 00 
16 06 20  -56 52 00 
16 07 35  -54 00 54 
16 12 52  -52 24 00 
16 13 11  -54 13 06 
16 14 09  -51 52 00 
16 14 48  -51 20 00 
16 18 48  -54 56 00 
16 18 50  -57 56 06 
16 20 04  -50 13 59 
16 20 41  -48 31 44 
16 23 20  -52 00 00 
16 23 32  -51 53 00 
16 23 58  -48 53 33 
16 24 14  -51 09 06 
16 24 27  -61 44 30 
16 24 36  -51 58 00 
16 25 20  -40 39 12 
16 26 08  -26 15 00 
16 27 24  +38 04 00 
16 27 46  -49 09 06 
16 28 15  -51 30 00 
16 28 57  -49 06 00 
16 29 36  -47 18 38 
16 32 45  -52 38 36 
16 34 04  -44 02 42 
16 34 34  -49 46 18 
16 35 10  -48 17 00 
16 35 20  -51 00 00 
16 35 47  -45 38 36 
16 36 30  -08 57 00 
16 38 09  -46 19 00 
16 40 23  -43 22 00 
16 40 25  -43 44 30 
16 41 20  -48 45 48 
16 41 42  -46 09 00 
16 44 07  -47 27 48 
16 44 30  -47 38 00 
16 45 24  +38 21 00 
16 45 37  -47 44 00 
16 46 04  -50 45 50 
16 46 09  -47 01 00 
16 46 30  -45 51 36 
16 46 37  -47 05 00 
16 47 04  -25 48 42 
16 47 04  -45 50 36 
16 47 31  -45 27 36 
16 48 25  -61 45 36 
16 48 53  -43 26 00 
16 49 24  -44 43 42 
16 49 28  -53 43 42 
16 49 56  -44 11 00 
16 54 10  -41 49 30 
16 54 43  -40 42 30 
16 55 04  -45 14 00 
16 55 08  -40 57 00 
16 55 30  -40 50 00 
16 55 33  -39 27 42 
16 56 01  -40 46 48 
16 56 11  -40 40 00 
16 56 40  -40 35 00 
16 57 00  -40 40 00 
16 57 41  -44 48 42 
16 57 56  -45 56 12 
16 59 05  -52 42 30 
16 59 36  -37 05 00 
17 00 45  -44 39 18 
17 01 47  -58 57 30 
17 02 10  -39 43 42 
17 02 11  -41 06 00 
17 03 00  -28 27 00 
17 03 51  -48 05 00 
17 04 20  -42 04 24 
17 04 22  -19 27 18 
17 04 30  -74 21 30 
17 04 41  -37 59 06 
17 04 55  -38 19 12 
17 05 42  -36 40 00 
17 06 14  -46 07 18 
17 06 47  -35 36 00 
17 07 29  -40 48 48 
17 10 36  +15 32 00 
17 13 14  -39 42 18 
17 14 28  -39 46 00 
17 16 11  -39 25 30 
17 16 18  -40 49 00 
17 17 24  -35 33 00 
17 18 25  -42 56 00 
17 18 39  -32 19 00 
17 18 47  -38 17 00 
17 18 54  -38 49 00 
17 20 41  -35 53 00 
17 20 49  -36 06 12 
17 23 26  -37 54 00 
17 24 01  -62 51 48 
17 24 29  -39 01 00 
17 24 43  -34 12 06 
17 24 43  -34 12 23 
17 24 49  -49 56 00 
17 25 32  -34 24 20 
17 26 52  -34 41 12 
17 28 32  -29 29 50 
17 28 54  -31 33 00 
17 29 38  -40 28 00 
17 29 42  -32 29 00 
17 30 34  -32 12 30 
17 31 12  -36 48 00 
17 31 31  -34 01 00 
17 31 56  -31 54 36 
17 32 39  -32 57 24 
17 33 22  -29 10 42
17 34 48  -32 34 00 
17 35 01  -34 16 00 
17 36 10  -32 24 06 
17 36 20  -33 31 00 
17 36 57  -42 13 36 
17 37 00  -32 29 00 
17 37 36  -35 01 36 
17 37 41  -25 15 00 
17 37 41  -58 07 48 
17 37 51  -36 18 00 
17 38 00  -08 06 42 
17 38 21  -37 43 00 
17 38 40  -35 39 06 
17 39 07  -34 48 00 
17 39 20  -23 41 00 
17 39 37  -33 14 48 
17 40 12  -36 56 54 
17 40 20  -32 15 12 
17 41 31  -40 09 00 
17 42 48  -28 06 30 
17 43 30  -46 58 00 
17 43 33  -34 13 06 
17 44 18  -34 53 00 
17 44 19  -32 21 42 
17 44 35  -33 52 00 
17 45 00  -28 51 36 
17 46 16  -29 42 00 
17 46 18  +05 43 00 
17 46 18  -29 20 00 
17 47 01  -31 31 48 
17 47 07  -28 46 06 
17 47 10  -28 46 24 
17 47 18  -24 53 12 
17 47 32  -30 06 00 
17 48 06  +01 18 00 
17 48 54  -37 21 36 
17 49 16  -29 15 00 
17 49 29  -31 15 48 
17 49 35  -34 49 12 
17 49 00  -28 44 09 
17 50 06  -28 53 12 
17 50 16  -28 51 42 
17 50 18  -28 53 42 
17 50 24  -28 53 06 
17 50 41  -30 12 36 
17 50 42  -12 00 06 
17 50 50  -27 47 06 
17 52 27  -30 06 00 
17 52 29  -28 40 00 
17 52 43  -29 33 00 
17 52 46  -28 26 00 
17 52 48  +04 10 00 
17 53 02  -29 53 36 
17 53 12  -22 16 30 
17 53 16  -26 46 54 
17 53 17  -27 22 10 
17 53 29  -28 20 54 
17 53 51  -34 47 36 
17 53 52  -32 29 00 
17 56 46  -35 16 00 
17 57 04  -18 59 06 
17 58 12  -11 39 00 
17 58 34  -26 06 54 
17 58 35  -32 01 12 
17 58 39  -05 04 18 
17 58 55  -29 23 42 
17 59 18  -24 42 00 
17 59 22  -24 46 01 
17 59 35  -28 33 18 
17 59 35  -51 41 06 
17 59 49  -28 10 00 
17 59 50  -17 27 02 
17 59 56  -24 40 57 
18 00 16  -25 13 39 
18 01 03  -23 32 00 
18 01 06  +02 54 00 
18 02 00  -23 41 00 
18 02 06  +11 01 24 
18 02 14  -21 54 54 
18 02 42  -22 58 18 
18 03 24  -27 53 18 
18 03 31  -22 07 32 
18 04 13  -22 29 24 
18 04 31  -24 21 30 
18 04 41  -58 31 24 
18 05 29  -36 17 48 
18 06 35  -27 27 36 
18 07 22  -23 17 48 
18 08 13  -22 15 36 
18 08 36  -21 25 00 
18 08 48  +31 32 00 
18 08 59  -18 26 06 
18 09 25  -24 31 48 
18 09 51  -23 49 42 
18 10 30  -16 43 30 
18 12 29  -29 34 36 
18 12 44  -21 36 18 
18 12 53  -24 21 50 
18 13 41  -22 07 06 
18 15 17  -19 00 00 
18 15 36  -14 59 24 
18 15 49  -22 08 12 
18 16 05  -25 42 36 
18 16 07  -41 03 48 
18 16 34  -18 18 42 
18 17 04  -19 51 54 
18 17 08  -18 42 00 
18 17 11  -18 49 27 
18 17 30  -13 21 00 
18 17 33  -16 39 00 
18 17 34  -18 51 50 
18 17 40  -19 40 12 
18 18 03  -12 14 30 
18 18 26  -18 24 24 
18 18 28  +12 10 00 
18 18 48  -13 48 24 
18 19 05  -27 07 48 
18 19 58  -17 06 06 
18 20 13  -32 21 06 
18 20 33  -63 48 30 
18 20 47  -16 10 18 
18 21 19  -14 17 24 
18 21 51  -33 13 00 
18 22 17  -14 35 24 
18 22 40  -14 43 41 
18 22 47  -14 38 00 
18 22 50  -11 57 42 
18 23 54  -16 39 00 
18 24 42  -19 43 00 
18 25 12  -10 00 00 
18 25 29  -14 39 21 
18 26 00  -51 00 00 
18 26 04  -13 03 32 
18 27 11  -12 01 48 
18 27 15  +06 30 30 
18 30 30  -12 18 59 
18 30 59  -13 09 18 
18 31 18  -12 19 00 
18 31 47  -19 07 00 
18 32 11  -12 13 47 
18 32 11  -16 02 59 
18 32 36  -12 08 00 
18 32 37  -16 53 08 
18 33 27  -10 24 12 
18 33 34  -11 25 00 
18 36 35  -19 27 54 
18 36 37  -07 48 48 
18 39 00  +05 27 00 
18 39 41  -06 01 41 
18 39 48  -08 25 00 
18 39 59  -44 11 54 
18 41 05  -04 04 51 
18 41 18  -04 21 37 
18 41 54  -04 16 37 
18 42 13  -06 12 42 
18 42 36  -33 37 48 
18 42 54  -04 08 00 
18 44 19  -04 55 48 
18 45 12  -01 13 00 
18 45 18  -09 23 00 
18 48 04  -25 52 42 
18 48 12  -05 51 00 
18 49 05  -18 43 48 
18 49 42  +04 56 00 
18 50 36  -18 15 00 
18 50 45  -05 12 18 
18 51 05  -06 16 12 
18 51 18  +10 19 06 
18 52 16  -20 12 12 
18 53 30  +36 55 00 
18 54 22  -01 13 00 
18 54 34  -19 54 06 
18 54 49  +05 32 54 
18 55 03  +10 47 21 
18 55 49  +21 34 49 
18 55 53  +10 46 17 
18 56 37  -26 57 39 
18 56 45  +10 26 47 
18 58 44  -08 58 12 
19 00 37  -00 28 30 
19 01 20  +29 16 36 
19 01 21  +11 36 54 
19 01 37  +33 34 12 
19 01 40  -00 27 22 
19 02 20  -18 32 59 
19 04 09  -33 23 06 
19 06 52  +09 35 00 
19 07 33  +06 17 10 
19 07 44  +04 20 00 
19 07 49  +04 16 00 
19 08 42  +04 42 18 
19 11 09  +14 50 04 
19 11 20  +13 07 06 
19 13 37  +36 19 48 
19 13 52  -42 38 54 
19 15 03  +04 52 54 
19 15 36  +11 13 00 
19 16 42  -16 17 00 
19 16 48  -00 55 24 
19 16 52  -51 29 30 
19 17 12  +19 33 00 
19 18 03  -57 54 12 
19 19 12  +15 43 00 
19 19 13  -37 37 18 
19 20 53  +37 46 18 
19 20 54  +15 40 36 
19 22 32  +12 40 00 
19 23 14  +22 08 30 
19 24 50  +29 57 00 
19 25 15  +13 56 42 
19 25 24  +11 39 30 
19 27 07  +25 08 24 
19 27 16  -23 34 35 
19 28 36  +17 22 06 
19 29 01  +14 52 02 
19 29 17  +23 18 18 
19 30 13  +18 32 09 
19 30 35  +20 15 42 
19 33 55  +18 31 12 
19 35 48  +25 13 00 
19 35 56  +35 40 06 
19 37 17  +46 23 18 
19 37 23  +18 41 50 
19 38 21  +00 20 43 
19 38 53  +18 41 24 
19 39 31  +25 38 42 
19 40 11  +26 15 48 
19 41 18  +40 11 12 
19 41 46  +27 22 48 
19 42 24  +38 39 00 
19 42 28  +23 05 16 
19 42 33  +01 31 23 
19 42 36  +21 09 14 
19 42 47  +29 51 20 
19 43 09  +23 18 00 
19 44 49  +29 15 54 
19 45 00  +17 31 00 
19 45 11  +28 09 40 
19 45 16  +27 50 30 
19 45 24  +23 55 00 
19 46 23  +24 39 05 
19 47 42  +24 15 45 
19 48 15  +59 25 18 
19 48 25  +27 17 35 
19 48 32  +21 57 36 
19 48 53  +21 12 54 
19 49 21  +21 10 12 
19 50 17  +07 54 12 
19 50 59  +23 06 00 
19 51 01  +25 16 07 
19 51 02  +32 14 35 
19 52 06  +11 38 04 
19 52 12  +29 24 30 
19 53 06  +18 20 00 
19 53 08  +11 41 54 
19 53 49  +39 22 12 
19 54 00  +34 34 48 
19 54 33  +17 56 18 
19 55 18  +12 07 36 
19 56 06  +12 09 48 
19 56 28  +32 20 54 
19 56 37  +30 12 48 
19 58 08  +30 53 18 
19 58 14  +32 32 42 
19 58 42  +20 29 00 
19 59 17  +56 07 48 
19 59 31  +34 38 48 
19 59 33  +49 18 50 
20 00 36  +30 35 23 
20 01 18  +28 37 00 
20 01 18  +33 37 12 
20 02 23  +35 18 41 
20 02 30  +42 06 00 
20 02 56  +11 15 30 
20 03 00  +33 34 12 
20 03 00  +37 41 00 
20 03 08  +31 58 01 
20 03 55  +44 09 30 
20 04 43  +33 54 18 
20 04 46  -10 28 42 
20 04 54  +29 13 00 
20 04 54  -30 21 00 
20 05 07  -03 33 20 
20 05 42  +41 12 00 
20 05 48  +40 32 00 
20 05 59  +35 46 36 
20 06 32  +35 34 34 
20 06 48  +38 21 00 
20 07 30  +35 41 00 
20 07 44  +21 05 51 
20 09 12  +35 29 00 
20 09 38  +36 30 21 
20 09 54  +41 22 00 
20 10 00  +33 46 00 
20 10 18  +41 13 00 
20 10 24  +34 58 00 
20 11 13  +37 27 00 
20 11 19  +35 49 54 
20 11 35  +26 32 04 
20 11 36  +35 36 18 
20 11 47  +26 48 42 
20 11 54  +34 24 06 
20 11 57  +26 44 08 
20 12 01  +26 28 42 
20 12 19  +37 53 27 
20 13 47  +36 44 55 
20 14 30  +28 56 48 
20 15 02  +33 55 43 
20 15 29  +36 51 47 
20 16 24  +37 52 00 
20 16 31  +37 39 19 
20 16 32  +52 04 30 
20 17 42  +39 21 00 
20 17 47  +38 02 00 
20 17 56  +36 42 19 
20 17 56  +37 55 59 
20 17 57  +36 45 37 
20 18 07  +40 43 55 
20 18 21  +31 12 44 
20 18 49  +37 45 00 
20 18 55  +37 45 33 
20 19 42  +38 08 00 
20 20 10  +39 19 50 
20 20 24  +38 42 00 
20 20 32  +41 21 24 
20 20 48  +41 12 17 
20 21 36  +48 05 00 
20 21 42  +37 22 00 
20 21 48  +25 44 24 
20 23 10  +41 41 35 
20 23 12  +40 46 42 
20 23 57  +36 36 18 
20 23 57  +38 30 30 
20 24 23  +42 16 52 
20 24 36  +46 03 00 
20 25 42  +41 56 00 
20 26 18  +40 07 00 
20 26 30  +41 27 00 
20 26 38  -80 00 12 
20 27 43  +36 04 32 
20 28 17  +35 06 50 
20 28 49  +39 19 36 
20 29 42  +41 43 00 
20 30 35  +44 18 55 
20 31 30  +60 39 42 
20 33 10  +41 13 07 
20 33 15  +41 18 45 
20 33 50  +40 08 53 
20 34 26  +28 17 00 
20 34 42  +22 12 54 
20 35 08  +53 18 00 
20 35 18  +46 50 00 
20 41 04  +16 37 06 
20 41 48  +35 33 00 
20 41 55  +36 34 37 
20 43 24  +35 35 18
20 43 30  +37 03 00 
20 43 48  +23 47 30 
20 45 12  +35 30 00 
20 51 00  +35 57 00 
20 52 08  +37 53 44 
20 53 42  +46 02 00 
20 54 54  +47 25 00 
20 56 30  +44 38 00 
20 56 30  +44 39 00 
20 56 36  +51 05 00 
21 00 37  +68 09 35 
21 01 49  +47 21 12 
21 03 12  +40 28 00 
21 03 12  +44 35 00 
21 06 09  +41 29 18 
21 07 12  +50 52 30 
21 10 02  +15 31 00 
21 10 30  +46 14 00 
21 10 46  +37 34 28 
21 10 48  +45 37 00 
21 10 54  +33 45 48 
21 11 42  +48 28 00 
21 11 50  +52 22 48 
21 12 00  +38 36 00 
21 12 06  +47 44 00 
21 12 18  +46 34 00 
21 13 09  +42 29 42 
21 15 54  +48 51 00 
21 16 58  +51 45 32 
21 17 42  +41 49 36 
21 19 30  +57 34 12 
21 21 18  +44 49 00 
21 21 28  -51 48 42 
21 21 44  +50 36 36 
21 21 53  +50 49 06 
21 23 27  +46 22 42 
21 24 21  +36 29 12 
21 24 23  +48 00 36 
21 24 47  +57 32 00 
21 26 09  +53 31 58 
21 26 39  +47 55 12 
21 29 17  +47 07 36 
21 30 02  +48 58 36 
21 30 27  +51 36 00 
21 31 48  +48 26 00 
21 32 33  +17 30 30 
21 34 21  +45 57 54 
21 35 32  +53 30 49 
21 39 06  +57 30 00 
21 40 01  +53 58 12 
21 42 59  +66 06 48 
21 43 38  +51 04 17 
21 43 41  +54 37 48 
21 43 57  +53 42 54 
21 45 09  +65 46 30 
21 53 24  +47 16 00 
21 53 40  +62 36 12 
21 56 12  +63 56 00 
21 56 53  +51 28 48 
21 58 34  +54 29 24 
21 58 46  +54 49 06 
22 03 03  +10 48 06 
22 04 59  +62 16 12 
22 05 07  +46 29 00 
22 07 06  +72 00 00 
22 08 27  +61 01 42 
22 10 26  +55 23 54 
22 10 34  +52 49 40 
22 12 25  +57 16 12 
22 12 48  +73 20 00 
22 13 30  +70 15 00 
22 13 47  +55 43 52 
22 15 08  +49 53 54 
22 15 11  +54 20 36 
22 15 30  +54 24 00 
22 16 30  +54 03 00 
22 18 48  +63 16 00 
22 19 12  +46 54 00 
22 20 11  +58 07 18 
22 22 42  +55 51 00 
22 24 32  +60 24 53 
22 25 18  +57 49 00 
22 28 02  +52 19 00 
22 28 18  +59 08 00 
22 28 44  +61 37 52 
22 29 24  +55 24 00 
22 30 36  +57 12 36 
22 30 43  +54 54 00 
22 33 14  +39 36 36 
22 36 29  +37 47 06 
22 39 30  +59 01 00 
22 39 43  +57 23 42 
22 39 48  +59 54 54 
22 42 36  +54 15 36 
22 42 38  +52 23 16 
22 47 21  +58 07 54 
22 47 24  +59 46 54 
22 48 08  +46 15 06 
22 50 23  +52 08 06 
22 52 07  +58 16 57 
22 54 20  +60 48 54 
22 54 54  +59 10 00 
22 55 08  +57 05 48 
22 56 00  +59 58 24 
22 56 17  +62 45 00 
22 57 22  +54 20 18 
23 04 45  +60 04 40 
23 05 59  +60 15 14 
23 06 18  +51 03 00 
23 08 11  +60 52 24 
23 08 18  +60 31 00 
23 08 24  +64 51 00 
23 11 03  +60 34 12 
23 15 18  +60 28 00 
23 20 35  +54 36 00 
23 21 36  +71 45 00 
23 24 48  +61 35 36 
23 25 48  +61 19 00 
23 25 58  +63 46 48 
23 27 41  +55 35 30 
23 30 07  +49 08 00 
23 30 12  +60 15 30 
23 32 47  +64 12 30 
23 32 54  +55 29 00 
23 33 15  +58 28 00 
23 33 30  +61 57 00 
23 36 20  +52 32 36 
23 36 30  +72 51 00 
23 37 47  +48 33 36 
23 38 42  +56 38 00 
23 43 47  +62 09 37 
23 45 12  +59 18 00 
23 47 20  +63 13 12 
23 47 48  +68 38 00 
23 47 54  +62 59 50 
23 48 07  +36 12 18 
23 49 54  +62 43 00 
23 50 55  +62 19 15 
23 51 46  +16 14 48 
23 52 48  +62 26 24 
23 53 00  +61 58 00 
23 53 09  +62 47 12 
23 54 06  +61 46 00 
23 56 18  +64 33 00 
23 56 45  +61 23 54 
23 57 24  +56 42 30 
23 57 24  +61 38 00 
23 58 24  +61 12 30 
23 58 37  +60 02 06 
23 59 56  +68 02 03 
