      6498.23      1.00000
      6498.46     0.650205
      6498.68     0.648277
      6498.91     0.645657
      6499.14     0.642015
      6499.37     0.638899
      6499.60     0.638278
      6499.82     0.987467
      6500.05     0.990793
      6500.28     0.991614
      6500.51     0.989113
      6500.74     0.984165
      6500.96     0.976474
      6501.19     0.963106
      6501.42     0.943381
      6501.65     0.924652
      6501.88     0.916690
      6502.10     0.918950
      6502.33     0.918981
      6502.56     0.907276
      6502.79     0.892057
      6503.02     0.888305
      6503.24     0.898996
      6503.47     0.913874
      6503.70     0.923316
      6503.93     0.926061
      6504.16     0.923269
      6504.38     0.914934
      6504.61     0.905648
      6504.84     0.905084
      6505.07     0.916375
      6505.30     0.932446
      6505.52     0.944227
      6505.75     0.949838
      6505.98     0.952037
      6506.21     0.950776
      6506.44     0.943867
      6506.66     0.932788
      6506.89     0.922040
      6507.12     0.913188
      6507.35     0.906076
      6507.58     0.904768
      6507.80     0.914120
      6508.03     0.931944
      6508.26     0.948983
      6508.49     0.958360
      6508.72     0.961827
      6508.94     0.962897
      6509.17     0.961903
      6509.40     0.959200
      6509.63     0.957922
      6509.86     0.960695
      6510.08     0.966257
      6510.31     0.971613
      6510.54     0.975434
      6510.77     0.978218
      6511.00     0.980568
      6511.22     0.982333
      6511.45     0.983682
      6511.68     0.984225
      6511.91     0.983644
      6512.14     0.982603
      6512.36     0.983104
      6512.59     0.985869
      6512.82     0.989614
      6513.05     0.993275
      6513.28     0.996394
      6513.50     0.998509
      6513.73     0.998990
      6513.96     0.997979
      6514.19     0.997266
      6514.42     0.997536
      6514.64     0.998565
      6514.87     0.999450
      6515.10     0.999347
      6515.33     0.998450
      6515.56     0.997232
      6515.78     0.996130
      6516.01     0.994625
      6516.24     0.991823
      6516.47     0.988262
      6516.70     0.985650
      6516.92     0.985072
      6517.15     0.986175
      6517.38     0.988002
      6517.61     0.989784
      6517.84     0.991674
      6518.06     0.993953
      6518.29     0.996244
      6518.52     0.997606
      6518.75     0.998184
      6518.98     0.998532
      6519.20     0.999226
      6519.43     0.999455
      6519.66     0.998043
      6519.89     0.995619
      6520.12     0.994024
      6520.34     0.994239
      6520.57     0.995105
      6520.80     0.995472
      6521.03     0.995570
      6521.26     0.995701
      6521.48     0.995765
      6521.71     0.995705
      6521.94     0.995277
      6522.17     0.993322
      6522.40     0.989048
      6522.62     0.983892
      6522.85     0.980921
      6523.08     0.980994
      6523.31     0.980315
      6523.54     0.974061
      6523.76     0.963273
      6523.99     0.955039
      6524.22     0.954396
      6524.45     0.959834
      6524.68     0.965859
      6524.90     0.969092
      6525.13     0.969988
      6525.36     0.969293
      6525.59     0.965580
      6525.82     0.956245
      6526.04     0.942745
      6526.27     0.931689
      6526.50     0.929677
      6526.73     0.937200
      6526.96     0.948351
      6527.18     0.957294
      6527.41     0.963084
      6527.64     0.967998
      6527.87     0.973437
      6528.10     0.978348
      6528.32     0.981242
      6528.55     0.982130
      6528.78     0.982534
      6529.01     0.983387
      6529.24     0.984025
      6529.46     0.983241
      6529.69     0.981686
      6529.92     0.980803
      6530.15     0.980796
      6530.38     0.980745
      6530.60     0.980146
      6530.83     0.979591
      6531.06     0.979558
      6531.29     0.979718
      6531.52     0.979806
      6531.74     0.980476
      6531.97     0.982731
      6532.20     0.986139
      6532.43     0.988594
      6532.66     0.989182
      6532.88     0.988876
      6533.11     0.988452
      6533.34     0.987539
      6533.57     0.985101
      6533.80     0.980987
      6534.02     0.975274
      6534.25     0.968665
      6534.48     0.961859
      6534.71     0.955312
      6534.94     0.950403
      6535.16     0.949664
      6535.39     0.954771
      6535.62     0.963448
      6535.85     0.970749
      6536.08     0.974150
      6536.30     0.975013
      6536.53     0.975612
      6536.76     0.976786
      6536.99     0.978520
      6537.22     0.980825
      6537.44     0.983321
      6537.67     0.985373
      6537.90     0.986396
      6538.13     0.985830
      6538.36     0.984075
      6538.58     0.981965
      6538.81     0.980356
      6539.04     0.979224
      6539.27     0.977869
      6539.50     0.976297
      6539.72     0.974881
      6539.95     0.973471
      6540.18     0.971342
      6540.41     0.968609
      6540.64     0.966836
      6540.86     0.966609
      6541.09     0.967083
      6541.32     0.966369
      6541.55     0.963214
      6541.78     0.960500
      6542.00     0.962911
      6542.23     0.971331
      6542.46     0.981337
      6542.69     0.988546
      6542.92     0.992776
      6543.14     0.995651
      6543.37     0.997479
      6543.60     0.997770
      6543.83     0.996506
      6544.06     0.994324
      6544.28     0.991955
      6544.51     0.989901
      6544.74     0.988787
      6544.97     0.988316
      6545.20     0.987536
      6545.42     0.986754
      6545.65     0.986903
      6545.88     0.988221
      6546.11     0.989961
      6546.34     0.991648
      6546.56     0.993744
      6546.79     0.996470
      6547.02     0.999550
      6547.25      1.00237
      6547.48      1.00454
      6547.70      1.00589
      6547.93      1.00627
      6548.16      1.00545
      6548.39      1.00368
      6548.62      1.00139
      6548.84     0.998949
      6549.07     0.996086
      6549.30     0.992011
      6549.53     0.987021
      6549.76     0.983207
      6549.98     0.982611
      6550.21     0.985034
      6550.44     0.988359
      6550.67     0.990965
      6550.90     0.992707
      6551.12     0.993607
      6551.35     0.993288
      6551.58     0.991967
      6551.81     0.990781
      6552.04     0.990377
      6552.26     0.990273
      6552.49     0.989493
      6552.72     0.986604
      6552.95     0.980267
      6553.18     0.971088
      6553.40     0.961047
      6553.63     0.949216
      6553.86     0.934672
      6554.09     0.923396
      6554.32     0.924811
      6554.54     0.940248
      6554.77     0.959175
      6555.00     0.970999
      6555.23     0.975586
      6555.46     0.977825
      6555.68     0.979865
      6555.91     0.981495
      6556.14     0.982539
      6556.37     0.982760
      6556.60     0.982375
      6556.82     0.982442
      6557.05     0.983332
      6557.28     0.984230
      6557.51     0.984565
      6557.74     0.984862
      6557.96     0.985540
      6558.19     0.986185
      6558.42     0.986396
      6558.65     0.986086
      6558.88     0.985051
      6559.10     0.983415
      6559.33     0.982094
      6559.56     0.982047
      6559.79     0.983232
      6560.02     0.984533
      6560.24     0.985056
      6560.47     0.985002
      6560.70     0.984976
      6560.93     0.984602
      6561.16     0.983063
      6561.38     0.980147
      6561.61     0.976677
      6561.84     0.973716
      6562.07     0.971813
      6562.30     0.971133
      6562.52     0.971225
      6562.75     0.970007
      6562.98     0.966129
      6563.21     0.960844
      6563.44     0.957481
      6563.66     0.957788
      6563.89     0.960564
      6564.12     0.963507
      6564.35     0.965635
      6564.58     0.967212
      6564.80     0.968773
      6565.03     0.970616
      6565.26     0.972336
      6565.49     0.973186
      6565.72     0.972883
      6565.94     0.971467
      6566.17     0.968757
      6566.40     0.965471
      6566.63     0.962887
      6566.86     0.960859
      6567.08     0.957923
      6567.31     0.953445
      6567.54     0.949001
      6567.77     0.945796
      6568.00     0.942695
      6568.22     0.937616
      6568.45     0.930224
      6568.68     0.921743
      6568.91     0.911430
      6569.14     0.896236
      6569.36     0.872941
      6569.59     0.838770
      6569.82     0.790105
      6570.05     0.725866
      6570.28     0.654111
      6570.50     0.592416
      6570.73     0.560240
      6570.96     0.568731
      6571.19     0.614865
      6571.42     0.683171
      6571.64     0.753437
      6571.87     0.810679
      6572.10     0.851597
      6572.33     0.880706
      6572.56     0.902538
      6572.78     0.918070
      6573.01     0.927768
      6573.24     0.934047
      6573.47     0.939383
      6573.70     0.944841
      6573.92     0.950839
      6574.15     0.957556
      6574.38     0.964567
      6574.61     0.970958
      6574.84     0.976084
      6575.06     0.980081
      6575.29     0.982968
      6575.52     0.983791
      6575.75     0.981902
      6575.98     0.978531
      6576.20     0.975226
      6576.43     0.970846
      6576.66     0.961841
      6576.89     0.948497
      6577.12     0.938268
      6577.34     0.938712
      6577.57     0.948832
      6577.80     0.960272
      6578.03     0.967324
      6578.26     0.971727
      6578.48     0.976079
      6578.71     0.979828
      6578.94     0.982184
      6579.17     0.982880
      6579.40     0.981833
      6579.62     0.979321
      6579.85     0.976363
      6580.08     0.973152
      6580.31     0.969008
      6580.54     0.963991
      6580.76     0.960262
      6580.99     0.960393
      6581.22     0.963250
      6581.45     0.964360
      6581.68     0.961415
      6581.90     0.956446
      6582.13     0.952286
      6582.36     0.947474
      6582.59     0.939878
      6582.82     0.932792
      6583.04     0.932947
      6583.27     0.943556
      6583.50     0.959126
      6583.73     0.971390
      6583.96     0.978069
      6584.18     0.982506
      6584.41     0.987456
      6584.64     0.992181
      6584.87     0.995248
      6585.10     0.996664
      6585.32     0.997858
      6585.55     0.999672
      6585.78      1.00163
      6586.01      1.00296
      6586.24      1.00343
      6586.46      1.00278
      6586.69      1.00090
      6586.92     0.998784
      6587.15     0.997637
      6587.38     0.996457
      6587.60     0.993301
      6587.83     0.987990
      6588.06     0.982870
      6588.29     0.979425
      6588.52     0.976322
      6588.74     0.972259
      6588.97     0.968207
      6589.20     0.966576
      6589.43     0.968408
      6589.66     0.972277
      6589.88     0.976597
      6590.11     0.980655
      6590.34     0.984461
      6590.57     0.987336
      6590.80     0.988619
      6591.02     0.988084
      6591.25     0.986574
      6591.48     0.985592
      6591.71     0.986457
      6591.94     0.989221
      6592.16     0.992298
      6592.39     0.994269
      6592.62     0.994502
      6592.85     0.993194
      6593.08     0.991138
      6593.30     0.988894
      6593.53     0.986087
      6593.76     0.981279
      6593.99     0.974795
      6594.22     0.969871
      6594.44     0.970496
      6594.67     0.976841
      6594.90     0.985145
      6595.13     0.991541
      6595.36     0.995010
      6595.58     0.996976
      6595.81     0.998605
      6596.04      1.00015
      6596.27      1.00121
      6596.50      1.00183
      6596.72      1.00256
      6596.95      1.00360
      6597.18      1.00451
      6597.41      1.00486
      6597.64      1.00482
      6597.86      1.00456
      6598.09      1.00396
      6598.32      1.00335
      6598.55      1.00243
      6598.78      1.00083
      6599.00     0.997866
      6599.23     0.993145
      6599.46     0.986929
      6599.69     0.979597
      6599.92     0.970668
      6600.14     0.956408
      6600.37     0.933381
      6600.60     0.907067
      6600.83     0.890876
      6601.06     0.892058
      6601.28     0.901987
      6601.51     0.908193
      6601.74     0.911384
      6601.97     0.921124
      6602.20     0.939201
      6602.42     0.957211
      6602.65     0.968430
      6602.88     0.973766
      6603.11     0.976575
      6603.34     0.977610
      6603.56     0.977191
      6603.79     0.976046
      6604.02     0.974726
      6604.25     0.973556
      6604.48     0.972907
      6604.70     0.971890
      6604.93     0.969105
      6605.16     0.964215
      6605.39     0.959373
      6605.62     0.956897
      6605.84     0.956820
      6606.07     0.956990
      6606.30     0.956188
      6606.53     0.955825
      6606.76     0.957430
      6606.98     0.960579
      6607.21     0.963882
      6607.44     0.967237
      6607.67     0.971218
      6607.90     0.975344
      6608.12     0.979059
      6608.35     0.982100
      6608.58     0.984331
      6608.81     0.985807
      6609.04     0.986759
      6609.26     0.987677
      6609.49     0.988587
      6609.72     0.989473
      6609.95     0.990577
      6610.18     0.991778
      6610.40     0.992695
      6610.63     0.993022
      6610.86     0.992693
      6611.09     0.991869
      6611.32     0.990685
      6611.54     0.989406
      6611.77     0.987932
      6612.00     0.986481
      6612.23     0.985962
      6612.46     0.988132
      6612.68     0.993430
      6612.91     0.583482
      6613.14     0.346997
      6613.37      0.00000
      6613.60      0.00000
      6613.82      0.00000
      6614.05      0.00000
      6614.28      0.00000
      6614.51      0.00000
      6614.74      1.00000
